percolate: params are L = 288, rho = 0.411000, seed = 56
percolate: params are L = 288, rho = 0.411000, seed = 56
percolate: params are L = 288, rho = 0.411000, seed = 56
percolate: params are L = 288, rho = 0.411000, seed = 56
each M=72,N=288
each M=72,N=288
each M=72,N=288
each M=72,N=288
percolate: rho = 0.411000, actual density = 0.409855
12179	12180	0	12181	12182	0	12183	12184	12185	12186	0	12187	0	12188	12189	0	0	0	0	0	12190	12191	12192	0	12193	12194	12195	0	0	0	0	0	12196	0	0	12197	12198	12199	12200	12201	0	12202	0	0	12203	12204	12205	12206	12207	0	0	12208	12209	12210	12211	12212	12213	0	0	12214	12215	12216	12217	12218	12219	0	12220	12221	12222	0	0	0	12223	12224	0	0	0	12225	12226	0	12227	12228	12229	12230	12231	0	12232	12233	12234	12235	0	12236	0	12237	0	12238	0	12239	12240	12241	0	0	12242	12243	12244	0	0	12245	12246	12247	0	12248	0	12249	0	0	0	12250	0	0	12251	0	12252	12253	0	12254	0	0	0	12255	0	12256	0	0	12257	12258	0	0	12259	12260	0	12261	12262	12263	0	12264	12265	0	0	12266	12267	0	12268	0	0	0	12269	0	0	0	12270	12271	0	0	0	12272	12273	12274	0	12275	0	12276	12277	12278	12279	0	12280	12281	0	0	12282	0	12283	12284	12285	0	0	12286	0	0	0	0	12287	12288	12289	12290	12291	12292	12293	12294	0	0	12295	12296	12297	12298	12299	0	0	12300	0	12301	12302	12303	0	12304	0	0	12305	12306	12307	12308	0	12309	12310	0	0	0	0	12311	12312	12313	0	0	12314	12315	12316	12317	12318	12319	12320	0	12321	12322	0	0	12323	12324	12325	0	12326	0	12327	0	12328	0	0	0	12329	0	12330	0	12331	0	12332	0	0	12333	0	12334	12335	12336	12337	12338	12339	0	12340	0	12341	0	12342	0	12343	12344	12345	12346	12347	12348	
12349	12350	12351	12352	0	12353	12354	12355	0	12356	0	12357	0	12358	12359	12360	0	12361	12362	0	12363	0	12364	0	0	0	0	12365	0	12366	12367	0	0	12368	12369	0	12370	0	12371	12372	0	12373	0	12374	0	0	0	12375	12376	12377	0	12378	12379	12380	0	0	0	12381	0	0	0	12382	12383	0	12384	0	12385	0	12386	0	12387	12388	12389	12390	12391	12392	12393	12394	0	12395	12396	12397	12398	12399	12400	0	12401	12402	12403	12404	12405	12406	0	12407	12408	12409	12410	0	0	0	12411	0	12412	12413	0	12414	0	12415	12416	12417	0	12418	12419	12420	12421	12422	12423	0	0	12424	12425	0	12426	0	0	12427	12428	12429	0	12430	12431	12432	12433	12434	12435	12436	12437	0	12438	12439	12440	0	0	0	0	12441	0	12442	12443	0	12444	12445	12446	12447	12448	12449	12450	12451	12452	12453	12454	12455	12456	0	12457	12458	12459	12460	12461	12462	12463	12464	12465	12466	0	12467	12468	12469	12470	0	0	12471	12472	0	12473	12474	12475	0	0	0	12476	12477	12478	12479	12480	12481	12482	0	0	0	12483	12484	0	12485	12486	0	0	12487	0	12488	0	12489	0	0	0	12490	12491	12492	0	12493	12494	0	0	0	12495	0	12496	12497	0	12498	0	12499	12500	0	0	0	0	0	0	0	0	12501	0	0	12502	12503	12504	12505	0	0	12506	0	12507	12508	12509	12510	0	12511	0	12512	12513	12514	0	0	12515	0	0	12516	0	12517	0	0	12518	0	12519	12520	0	0	12521	12522	12523	12524	12525	12526	0	0	12527	12528	
12529	0	12530	12531	12532	0	0	0	12533	12534	12535	12536	0	12537	12538	12539	12540	12541	12542	12543	12544	12545	0	0	12546	12547	12548	12549	12550	12551	12552	12553	0	0	12554	12555	0	0	12556	0	12557	12558	0	0	12559	12560	12561	12562	0	12563	0	12564	12565	12566	12567	12568	12569	0	12570	12571	12572	12573	0	12574	0	12575	12576	0	0	12577	0	12578	12579	0	0	0	12580	12581	12582	12583	12584	12585	0	0	12586	12587	12588	0	12589	12590	12591	0	12592	0	12593	12594	0	12595	0	0	12596	12597	12598	0	0	0	12599	12600	12601	0	12602	12603	0	0	0	0	12604	12605	0	12606	12607	12608	12609	12610	12611	12612	0	0	0	12613	0	0	12614	12615	12616	0	0	0	12617	12618	12619	12620	0	12621	12622	0	12623	12624	0	0	12625	0	0	12626	12627	0	12628	12629	12630	0	12631	0	12632	0	12633	12634	0	12635	12636	0	12637	12638	12639	12640	0	0	12641	12642	12643	12644	0	0	12645	0	12646	12647	0	0	12648	12649	12650	12651	12652	12653	0	0	0	12654	0	0	12655	12656	12657	12658	0	12659	12660	0	12661	12662	0	0	12663	0	0	12664	12665	12666	12667	12668	0	12669	12670	0	0	12671	0	12672	12673	12674	12675	12676	12677	12678	0	12679	12680	12681	12682	12683	0	12684	12685	0	12686	12687	12688	12689	0	0	0	12690	12691	0	12692	0	12693	12694	12695	12696	0	0	12697	0	0	0	12698	0	12699	0	0	12700	12701	0	12702	12703	0	12704	0	12705	12706	12707	12708	0	12709	12710	12711	12712	
12713	12714	0	0	12715	12716	12717	12718	12719	0	0	0	0	12720	12721	12722	0	12723	12724	0	12725	0	0	12726	12727	12728	12729	0	0	12730	12731	12732	12733	12734	12735	0	0	0	12736	0	12737	12738	0	12739	0	12740	0	12741	0	12742	0	12743	0	12744	12745	0	12746	0	0	12747	0	12748	12749	12750	12751	0	12752	12753	12754	0	0	12755	0	12756	12757	0	12758	0	12759	0	12760	12761	0	0	12762	12763	0	12764	12765	12766	12767	12768	12769	0	12770	12771	12772	12773	12774	12775	0	0	0	12776	12777	0	12778	12779	12780	12781	12782	0	12783	0	12784	12785	0	0	12786	12787	0	12788	0	0	0	0	0	12789	0	12790	12791	0	12792	12793	12794	0	12795	12796	12797	0	12798	0	12799	12800	12801	0	12802	12803	12804	12805	12806	0	0	12807	12808	12809	12810	12811	12812	12813	12814	12815	12816	12817	12818	12819	0	12820	0	12821	0	0	12822	12823	12824	12825	0	0	12826	12827	12828	12829	12830	12831	12832	12833	0	0	12834	0	0	0	12835	0	12836	0	12837	12838	0	12839	12840	0	12841	12842	0	12843	0	12844	12845	12846	0	12847	12848	12849	0	12850	12851	0	0	12852	12853	12854	12855	12856	12857	12858	12859	12860	0	12861	0	0	12862	12863	0	0	12864	0	12865	0	12866	0	12867	12868	12869	0	0	0	12870	0	12871	12872	0	12873	0	12874	12875	12876	12877	12878	0	12879	12880	0	12881	0	12882	12883	0	0	0	0	0	0	0	12884	0	12885	12886	0	0	0	0	0	12887	12888	0	0	
0	12889	0	0	12890	12891	0	12892	12893	12894	12895	12896	12897	12898	0	0	12899	12900	12901	12902	12903	12904	12905	0	0	12906	0	12907	0	0	0	0	12908	12909	12910	12911	0	12912	0	12913	0	12914	12915	0	0	0	0	0	0	0	0	0	12916	12917	12918	0	0	12919	0	0	12920	12921	12922	0	12923	0	12924	0	0	0	12925	0	0	0	12926	12927	0	12928	0	12929	12930	0	12931	12932	12933	12934	12935	12936	12937	0	0	0	12938	12939	12940	12941	12942	12943	12944	0	12945	12946	12947	12948	12949	12950	12951	0	0	12952	12953	0	0	12954	0	12955	12956	0	12957	12958	0	0	0	12959	12960	0	12961	12962	12963	12964	0	0	0	0	12965	0	12966	12967	0	0	0	12968	12969	0	12970	0	12971	12972	12973	12974	12975	12976	0	0	12977	12978	12979	0	0	0	12980	12981	12982	0	0	12983	12984	12985	0	0	12986	0	12987	12988	12989	0	12990	12991	0	12992	12993	0	12994	12995	12996	12997	0	12998	0	12999	13000	0	0	13001	0	13002	0	13003	13004	0	13005	13006	13007	0	13008	13009	0	13010	13011	13012	13013	0	13014	13015	13016	13017	0	13018	13019	13020	13021	13022	13023	0	13024	13025	0	0	0	0	13026	0	0	13027	13028	13029	0	0	13030	0	13031	13032	0	13033	13034	0	13035	0	13036	0	13037	13038	13039	13040	13041	0	13042	13043	0	0	13044	13045	0	13046	13047	0	13048	13049	0	13050	0	13051	13052	0	13053	13054	13055	0	13056	13057	13058	13059	13060	13061	13062	0	0	13063	
0	0	13064	13065	0	13066	0	13067	13068	0	0	0	0	13069	13070	13071	13072	13073	13074	0	0	13075	0	13076	13077	13078	13079	0	13080	13081	0	13082	0	0	0	0	0	0	13083	13084	13085	13086	13087	0	13088	13089	13090	0	0	13091	13092	13093	0	13094	0	13095	0	0	13096	0	13097	13098	13099	0	13100	0	13101	0	0	13102	0	13103	13104	13105	13106	0	0	13107	13108	13109	0	13110	13111	0	13112	0	0	0	13113	13114	13115	13116	13117	0	13118	13119	13120	13121	13122	13123	13124	0	13125	13126	13127	13128	0	13129	13130	13131	0	13132	0	0	0	13133	0	0	0	13134	13135	13136	0	13137	13138	13139	0	13140	13141	0	13142	13143	0	13144	0	13145	13146	13147	0	0	13148	13149	13150	13151	0	0	0	13152	13153	0	13154	13155	13156	0	13157	13158	0	0	13159	0	13160	13161	13162	0	13163	13164	13165	0	13166	0	13167	13168	13169	13170	13171	13172	13173	13174	13175	0	13176	13177	0	0	0	13178	0	13179	13180	13181	0	0	0	13182	0	13183	13184	0	13185	13186	13187	13188	13189	0	13190	13191	0	0	13192	13193	0	13194	0	13195	13196	0	0	13197	0	13198	13199	13200	0	13201	13202	0	13203	0	13204	13205	13206	13207	0	13208	0	13209	13210	13211	13212	13213	13214	0	13215	13216	0	0	13217	0	13218	0	13219	13220	13221	13222	0	13223	13224	13225	13226	0	13227	0	0	0	0	13228	13229	0	0	13230	0	13231	0	13232	0	0	0	0	0	13233	13234	0	13235	13236	0	0	0	13237	
0	13238	13239	0	13240	13241	0	0	0	0	13242	0	13243	13244	13245	0	13246	0	13247	0	13248	13249	13250	0	13251	0	13252	13253	13254	13255	13256	13257	13258	0	13259	13260	13261	0	13262	13263	0	0	13264	0	13265	13266	0	13267	13268	13269	13270	0	13271	0	0	13272	13273	13274	13275	13276	0	0	0	13277	0	13278	13279	13280	0	13281	13282	0	13283	13284	13285	13286	0	0	0	0	13287	13288	13289	13290	13291	13292	13293	13294	13295	0	13296	13297	0	13298	0	13299	13300	13301	0	0	13302	0	0	13303	13304	13305	13306	13307	0	13308	13309	13310	0	13311	13312	13313	13314	13315	13316	0	13317	13318	0	13319	13320	0	13321	13322	13323	13324	0	13325	0	13326	0	13327	13328	0	13329	0	0	13330	13331	13332	0	0	0	0	0	13333	13334	0	0	13335	13336	13337	13338	13339	13340	13341	0	0	0	13342	0	13343	13344	13345	13346	13347	0	13348	13349	0	13350	13351	13352	13353	0	13354	0	13355	13356	13357	0	13358	13359	13360	13361	0	13362	0	0	13363	0	0	0	13364	0	13365	13366	0	13367	13368	0	13369	0	13370	13371	13372	0	13373	0	13374	0	13375	0	13376	0	13377	13378	13379	13380	0	0	13381	0	0	0	0	0	13382	0	13383	0	0	13384	13385	13386	0	13387	13388	13389	13390	0	0	13391	13392	0	13393	0	0	0	13394	13395	13396	13397	13398	13399	13400	13401	13402	13403	13404	0	13405	0	0	0	0	13406	13407	13408	0	13409	13410	13411	13412	13413	13414	13415	13416	13417	13418	13419	0	0	0	
0	13420	0	13421	13422	0	0	13423	13424	13425	13426	13427	13428	13429	13430	0	13431	0	13432	0	0	0	13433	13434	13435	13436	13437	13438	13439	0	13440	0	0	13441	0	13442	13443	0	13444	13445	0	13446	13447	13448	13449	13450	0	13451	13452	0	0	0	0	0	13453	0	13454	0	0	13455	13456	0	13457	0	0	13458	13459	13460	13461	13462	0	0	13463	0	13464	13465	0	0	13466	0	13467	13468	0	13469	13470	0	13471	13472	13473	13474	13475	13476	0	13477	13478	13479	0	0	13480	13481	0	13482	0	0	0	0	13483	13484	0	13485	13486	13487	0	0	13488	13489	13490	13491	13492	13493	0	0	13494	13495	0	0	13496	0	13497	0	13498	0	0	13499	0	0	13500	13501	0	0	13502	13503	0	13504	13505	13506	0	13507	13508	0	13509	0	0	0	13510	13511	13512	0	13513	0	13514	13515	0	0	0	13516	0	13517	13518	13519	0	0	13520	0	13521	0	13522	13523	13524	0	0	0	13525	0	0	13526	0	13527	0	13528	0	0	0	0	13529	0	13530	13531	0	13532	0	0	0	0	0	0	0	13533	0	13534	13535	13536	0	13537	13538	13539	13540	13541	0	13542	0	13543	13544	0	0	0	13545	13546	13547	13548	13549	13550	0	13551	13552	0	13553	0	0	13554	0	0	0	13555	0	0	13556	0	13557	0	0	0	0	13558	0	13559	13560	13561	0	13562	13563	13564	13565	0	13566	0	13567	13568	13569	13570	0	13571	0	13572	13573	0	13574	0	13575	13576	13577	13578	0	13579	0	0	0	13580	
0	0	13581	0	13582	13583	0	0	13584	13585	13586	13587	13588	0	0	0	0	13589	13590	13591	13592	13593	13594	13595	13596	13597	0	13598	13599	13600	13601	13602	13603	0	13604	13605	0	0	13606	13607	13608	13609	0	13610	0	0	0	13611	13612	13613	13614	0	13615	13616	13617	0	0	13618	13619	0	0	13620	13621	13622	13623	13624	0	0	0	13625	13626	0	13627	13628	0	13629	13630	13631	13632	0	13633	13634	13635	13636	13637	13638	13639	0	13640	13641	13642	13643	13644	13645	13646	13647	0	0	0	13648	13649	0	13650	13651	13652	0	13653	13654	13655	0	13656	0	0	0	13657	13658	0	0	13659	0	13660	0	13661	13662	13663	0	13664	0	0	0	0	13665	0	0	0	0	13666	13667	13668	13669	0	0	0	13670	13671	0	13672	13673	13674	13675	0	13676	0	13677	13678	0	13679	13680	13681	13682	13683	0	13684	0	13685	0	0	13686	13687	0	0	13688	13689	13690	13691	13692	0	0	13693	13694	0	0	0	0	13695	0	0	0	13696	13697	0	0	13698	13699	13700	13701	0	0	0	0	0	13702	0	13703	0	0	13704	13705	13706	13707	13708	0	0	13709	13710	0	13711	0	13712	13713	0	13714	0	13715	0	0	13716	0	0	13717	13718	13719	13720	13721	0	0	0	13722	13723	0	13724	0	0	13725	13726	13727	13728	13729	0	0	13730	13731	13732	0	13733	0	13734	13735	0	0	13736	13737	0	13738	13739	0	0	0	0	13740	13741	13742	13743	0	0	13744	0	13745	13746	13747	13748	13749	13750	13751	0	0	0	13752	
13753	0	13754	13755	13756	0	13757	0	0	0	13758	13759	0	0	13760	13761	13762	0	0	13763	0	0	0	13764	13765	13766	13767	0	13768	0	13769	13770	0	0	0	0	13771	13772	13773	13774	0	0	0	13775	0	0	13776	0	0	13777	13778	13779	0	13780	13781	0	13782	0	13783	13784	13785	13786	0	0	0	13787	13788	0	13789	0	13790	13791	13792	13793	13794	0	0	13795	13796	0	13797	0	13798	0	13799	13800	0	0	0	13801	13802	13803	13804	0	0	0	0	13805	13806	13807	13808	13809	0	13810	13811	0	13812	13813	0	13814	0	13815	13816	0	13817	13818	0	13819	0	13820	0	0	13821	13822	0	13823	13824	13825	13826	13827	13828	0	0	0	13829	0	0	0	13830	0	0	0	0	13831	13832	0	13833	13834	13835	13836	13837	0	13838	0	13839	0	13840	13841	13842	0	0	13843	0	13844	13845	13846	0	0	13847	13848	13849	13850	13851	0	13852	0	13853	13854	13855	0	0	0	13856	13857	13858	13859	0	13860	13861	13862	13863	0	0	13864	0	0	0	13865	13866	13867	13868	0	13869	13870	0	13871	13872	13873	13874	0	0	13875	13876	13877	13878	0	0	0	13879	0	0	13880	13881	13882	13883	13884	13885	13886	13887	0	0	13888	0	13889	0	13890	0	0	13891	13892	13893	13894	0	0	0	0	13895	13896	13897	13898	13899	13900	13901	13902	13903	13904	0	0	13905	0	0	13906	13907	13908	0	13909	0	13910	13911	0	13912	0	13913	0	13914	13915	13916	0	13917	0	13918	13919	0	0	13920	13921	0	13922	
13923	13924	0	13925	13926	0	13927	0	13928	13929	13930	13931	0	0	13932	13933	13934	13935	0	0	0	13936	13937	0	13938	0	13939	13940	0	13941	13942	13943	13944	0	13945	0	13946	13947	0	0	13948	13949	0	0	13950	0	13951	13952	13953	0	13954	13955	13956	0	13957	13958	13959	0	0	0	0	13960	13961	13962	13963	0	13964	13965	13966	0	0	13967	0	13968	0	0	0	13969	13970	0	0	13971	0	13972	13973	13974	0	13975	13976	0	13977	13978	13979	13980	0	13981	13982	0	13983	13984	13985	0	13986	13987	0	0	13988	13989	13990	13991	13992	13993	13994	13995	0	0	0	0	13996	13997	13998	13999	14000	0	14001	0	14002	0	14003	0	14004	14005	0	14006	14007	0	14008	0	0	0	0	14009	0	14010	0	0	14011	14012	14013	0	0	14014	0	0	14015	0	0	0	14016	14017	0	14018	14019	14020	14021	0	14022	14023	0	0	14024	14025	14026	0	14027	14028	14029	14030	14031	14032	14033	0	14034	14035	14036	14037	0	0	0	14038	0	14039	14040	14041	14042	0	0	14043	14044	14045	0	14046	0	0	0	14047	14048	0	14049	14050	14051	14052	14053	14054	14055	14056	14057	14058	0	14059	0	0	14060	0	14061	14062	14063	14064	14065	0	0	14066	14067	0	0	14068	14069	0	14070	14071	0	14072	0	14073	14074	0	14075	0	14076	0	0	0	14077	14078	0	0	0	14079	14080	0	14081	0	0	14082	14083	14084	14085	14086	14087	14088	0	0	0	0	14089	0	14090	14091	14092	0	0	0	0	14093	14094	14095	14096	14097	
0	0	0	14098	0	0	14099	14100	14101	14102	14103	14104	14105	14106	14107	14108	14109	14110	0	14111	14112	14113	14114	14115	14116	14117	14118	14119	14120	14121	14122	14123	0	0	0	14124	14125	14126	0	14127	0	14128	14129	14130	0	0	14131	14132	14133	0	14134	14135	14136	0	14137	0	14138	0	14139	14140	14141	0	14142	14143	0	0	0	14144	0	14145	14146	14147	14148	0	14149	0	0	14150	14151	14152	0	14153	14154	0	0	0	14155	14156	14157	0	14158	14159	14160	14161	14162	14163	0	14164	0	14165	14166	14167	0	14168	14169	0	14170	0	0	0	14171	14172	0	14173	0	0	14174	0	14175	14176	0	14177	0	14178	0	14179	14180	14181	14182	0	0	0	14183	14184	14185	0	14186	0	0	0	14187	14188	14189	14190	0	14191	14192	0	0	0	0	0	14193	14194	0	14195	14196	14197	14198	0	0	14199	14200	14201	14202	0	0	14203	14204	14205	14206	14207	14208	14209	0	0	14210	0	14211	0	14212	0	0	14213	0	14214	0	0	0	14215	14216	14217	14218	0	14219	14220	14221	14222	0	0	14223	0	0	14224	14225	0	14226	0	14227	0	14228	0	0	14229	0	14230	14231	0	0	14232	14233	0	0	0	14234	0	14235	14236	14237	14238	14239	14240	0	14241	0	14242	14243	14244	0	14245	14246	14247	14248	0	14249	0	0	0	0	14250	14251	0	0	0	14252	0	14253	14254	14255	14256	14257	0	0	14258	14259	0	14260	14261	0	0	14262	0	0	0	14263	0	14264	14265	0	14266	14267	14268	0	14269	0	0	0	0	
14270	0	14271	0	14272	14273	14274	14275	14276	14277	0	0	0	0	0	14278	0	0	0	14279	0	0	14280	14281	14282	0	0	0	0	0	0	14283	0	14284	0	14285	14286	0	14287	0	14288	0	14289	0	0	0	0	0	0	14290	0	0	0	14291	14292	14293	0	0	14294	0	0	14295	14296	0	0	14297	14298	14299	0	0	14300	14301	0	0	14302	0	14303	14304	14305	14306	14307	14308	14309	0	14310	14311	14312	0	14313	0	14314	14315	14316	0	0	14317	14318	14319	0	14320	14321	0	14322	14323	14324	0	0	14325	0	14326	14327	14328	0	14329	0	14330	14331	0	0	0	0	14332	14333	14334	14335	14336	0	14337	14338	0	14339	14340	14341	14342	14343	14344	0	14345	14346	14347	14348	0	0	14349	14350	0	0	14351	0	0	14352	0	14353	14354	0	14355	14356	14357	14358	0	0	0	0	0	14359	0	0	0	14360	14361	14362	14363	14364	0	14365	0	14366	14367	14368	0	0	0	14369	0	14370	14371	0	0	14372	14373	0	0	14374	0	14375	14376	14377	14378	0	0	0	14379	0	14380	14381	14382	0	0	14383	14384	14385	14386	0	14387	14388	0	14389	0	14390	0	14391	0	14392	14393	0	14394	14395	0	14396	0	14397	14398	14399	0	14400	0	14401	0	0	14402	0	0	14403	0	14404	14405	0	14406	14407	14408	0	14409	0	0	0	0	0	14410	14411	0	14412	14413	0	0	14414	14415	14416	14417	14418	14419	14420	14421	14422	14423	0	0	14424	14425	0	0	0	14426	14427	14428	14429	14430	14431	14432	
0	14433	14434	14435	14436	14437	14438	0	14439	14440	14441	14442	14443	14444	0	14445	14446	0	0	0	14447	0	0	0	0	0	14448	14449	0	0	14450	14451	14452	0	0	14453	0	0	0	0	0	14454	14455	14456	14457	14458	14459	14460	0	14461	0	0	0	0	0	14462	14463	0	0	14464	14465	0	14466	0	0	14467	14468	0	14469	0	14470	14471	0	14472	14473	14474	14475	0	0	14476	0	14477	14478	0	14479	0	0	14480	0	14481	14482	14483	0	14484	14485	14486	14487	14488	14489	14490	14491	0	0	14492	14493	14494	14495	0	14496	14497	14498	0	0	14499	14500	0	14501	14502	0	0	0	14503	14504	0	14505	0	14506	0	14507	0	14508	0	0	14509	0	14510	14511	14512	0	14513	14514	14515	14516	0	0	0	0	14517	14518	0	14519	0	14520	0	0	14521	14522	14523	0	14524	14525	0	14526	0	14527	0	14528	0	0	0	14529	14530	14531	14532	0	14533	0	14534	14535	0	14536	14537	0	0	14538	14539	0	0	0	14540	14541	0	14542	0	14543	14544	14545	14546	14547	14548	0	14549	0	14550	14551	0	14552	0	14553	14554	14555	14556	14557	0	14558	0	14559	14560	0	0	0	14561	0	14562	0	14563	0	0	14564	0	0	0	0	14565	0	0	14566	0	0	14567	0	14568	0	14569	14570	14571	0	14572	14573	14574	14575	14576	14577	0	14578	14579	14580	14581	14582	14583	14584	0	14585	14586	14587	0	14588	14589	14590	14591	14592	14593	0	14594	14595	14596	14597	14598	14599	0	0	0	14600	14601	14602	0	0	14603	
0	14604	0	0	14605	14606	14607	14608	14609	14610	14611	0	0	0	14612	0	14613	14614	0	0	14615	0	0	0	0	14616	14617	14618	0	14619	14620	14621	14622	14623	0	14624	14625	14626	14627	14628	0	14629	0	14630	14631	14632	14633	14634	14635	14636	14637	14638	14639	14640	14641	14642	0	0	0	14643	14644	14645	14646	0	14647	14648	14649	14650	14651	14652	14653	0	14654	0	0	14655	14656	14657	14658	14659	14660	0	14661	14662	14663	14664	14665	14666	0	0	14667	14668	14669	14670	14671	0	14672	0	14673	0	0	14674	0	14675	14676	14677	0	14678	0	14679	0	14680	0	14681	0	14682	14683	0	0	0	14684	14685	14686	14687	0	0	14688	14689	0	0	14690	0	0	0	0	14691	14692	14693	0	14694	0	14695	14696	0	14697	0	0	14698	0	14699	14700	14701	14702	14703	0	14704	14705	14706	14707	0	0	14708	14709	0	14710	0	14711	14712	14713	14714	14715	0	14716	0	0	14717	14718	14719	14720	14721	14722	14723	14724	0	0	14725	0	14726	14727	14728	0	0	0	14729	14730	14731	0	14732	14733	14734	14735	0	14736	14737	0	14738	0	0	0	14739	14740	14741	0	14742	14743	0	0	0	0	0	0	14744	0	14745	0	0	0	0	0	0	14746	0	0	14747	14748	14749	14750	14751	14752	0	0	14753	14754	0	0	14755	0	0	0	14756	0	0	0	14757	0	0	14758	0	14759	0	0	0	0	14760	0	0	0	14761	14762	0	0	14763	14764	14765	14766	0	0	14767	0	0	14768	14769	0	14770	14771	0	14772	14773	
14774	14775	14776	0	14777	0	14778	14779	14780	14781	14782	14783	14784	14785	14786	14787	14788	14789	14790	14791	14792	14793	14794	0	0	0	14795	14796	0	14797	0	14798	14799	0	14800	0	0	0	0	0	14801	0	14802	14803	14804	14805	14806	14807	0	14808	14809	14810	14811	14812	14813	14814	14815	0	0	0	0	14816	0	14817	14818	14819	14820	14821	0	0	14822	0	14823	14824	14825	0	0	0	0	14826	14827	0	0	14828	0	0	14829	0	14830	14831	0	0	0	14832	0	14833	14834	14835	14836	0	0	14837	0	14838	0	14839	14840	14841	14842	14843	14844	14845	0	14846	0	14847	14848	14849	0	0	14850	14851	0	14852	14853	14854	0	0	0	14855	0	0	0	14856	14857	14858	14859	0	14860	14861	0	14862	14863	0	14864	0	0	14865	14866	14867	14868	14869	0	0	14870	14871	14872	0	0	14873	14874	0	14875	0	0	0	0	14876	0	0	14877	0	0	14878	14879	14880	14881	14882	14883	14884	0	0	14885	14886	0	14887	0	14888	0	14889	14890	0	14891	0	14892	14893	0	14894	0	14895	0	14896	14897	0	14898	0	0	0	14899	14900	14901	0	14902	14903	0	0	14904	14905	14906	14907	0	0	14908	14909	0	14910	14911	14912	14913	14914	0	14915	0	14916	14917	0	0	14918	0	14919	14920	14921	14922	0	14923	14924	0	14925	14926	14927	14928	14929	0	0	14930	14931	0	14932	14933	0	0	14934	0	14935	0	14936	0	0	0	14937	0	0	0	0	14938	0	0	14939	0	14940	14941	0	14942	14943	14944	0	14945	14946	
14947	14948	14949	14950	14951	0	14952	14953	0	14954	14955	0	14956	14957	14958	0	14959	0	0	0	0	0	0	14960	14961	14962	14963	14964	0	14965	14966	0	14967	14968	0	14969	14970	0	0	14971	14972	0	14973	14974	14975	14976	14977	14978	14979	14980	14981	14982	0	0	14983	14984	14985	14986	0	0	14987	14988	0	0	0	0	14989	14990	0	0	14991	14992	14993	0	14994	0	14995	0	14996	14997	14998	14999	0	0	0	0	15000	0	15001	0	15002	0	0	0	15003	15004	15005	0	15006	15007	0	15008	15009	0	15010	15011	15012	15013	15014	0	15015	15016	15017	0	15018	15019	0	15020	0	15021	15022	15023	15024	15025	15026	15027	15028	15029	0	0	0	15030	15031	15032	0	0	15033	15034	15035	15036	0	15037	15038	15039	0	15040	15041	0	0	15042	15043	15044	15045	0	15046	15047	15048	15049	15050	0	0	15051	15052	0	0	0	15053	15054	0	0	15055	0	15056	15057	15058	15059	15060	15061	0	15062	15063	0	15064	15065	15066	15067	0	15068	0	15069	0	0	15070	0	0	15071	15072	0	0	15073	0	15074	0	0	15075	0	15076	15077	0	15078	15079	0	0	0	15080	15081	15082	15083	0	15084	0	15085	0	15086	15087	15088	15089	15090	15091	15092	0	15093	0	0	0	0	0	15094	15095	0	15096	15097	15098	0	15099	0	0	0	0	0	0	0	0	15100	15101	0	15102	15103	0	15104	0	15105	0	15106	15107	15108	15109	15110	15111	0	0	15112	15113	15114	15115	15116	0	15117	0	15118	15119	0	15120	15121	0	15122	0	0	
0	0	15123	15124	15125	0	15126	15127	0	15128	0	0	15129	0	15130	0	0	15131	0	15132	15133	0	15134	0	0	15135	15136	15137	15138	15139	15140	0	0	15141	15142	0	15143	0	15144	15145	15146	0	15147	0	15148	15149	15150	15151	15152	0	0	0	15153	0	15154	15155	0	15156	15157	0	15158	0	15159	0	0	15160	0	15161	0	0	15162	15163	15164	15165	15166	0	15167	15168	15169	15170	0	15171	15172	15173	0	15174	0	0	15175	15176	0	0	15177	15178	0	15179	15180	15181	15182	15183	15184	0	15185	0	0	15186	15187	0	0	15188	15189	15190	15191	0	15192	15193	15194	0	15195	15196	15197	0	0	0	15198	15199	15200	15201	15202	0	15203	15204	15205	15206	15207	15208	15209	15210	15211	0	15212	15213	15214	0	15215	0	0	15216	15217	0	0	0	0	15218	15219	15220	15221	0	0	15222	15223	15224	0	15225	0	15226	15227	15228	0	15229	0	15230	0	15231	15232	15233	15234	15235	15236	15237	0	15238	15239	0	15240	15241	15242	15243	15244	15245	15246	15247	15248	15249	0	15250	15251	15252	15253	0	0	15254	15255	15256	0	0	15257	15258	0	0	15259	0	0	0	15260	0	15261	15262	15263	0	15264	15265	15266	0	15267	0	15268	15269	15270	0	15271	15272	0	15273	0	15274	15275	15276	0	15277	15278	15279	0	0	15280	0	0	15281	0	0	15282	15283	0	15284	0	15285	15286	15287	0	15288	0	0	15289	0	0	15290	0	15291	0	0	0	0	0	0	0	15292	15293	15294	15295	15296	0	15297	0	0	15298	0	0	0	
0	15299	15300	15301	15302	0	15303	15304	15305	0	15306	0	15307	0	0	15308	0	15309	15310	0	15311	15312	15313	0	15314	15315	15316	15317	0	0	0	15318	15319	15320	0	15321	0	0	0	0	15322	15323	15324	15325	0	15326	0	15327	0	15328	15329	0	15330	0	0	15331	0	15332	15333	15334	0	0	15335	15336	15337	15338	15339	15340	0	15341	0	15342	0	15343	0	15344	0	0	15345	0	0	0	15346	15347	15348	15349	15350	0	15351	15352	0	0	0	0	0	0	0	0	15353	15354	15355	15356	15357	15358	0	15359	15360	0	15361	15362	15363	15364	15365	15366	0	0	15367	0	0	15368	15369	15370	0	15371	15372	0	15373	0	0	15374	15375	0	15376	0	15377	0	15378	0	15379	15380	0	15381	0	0	15382	15383	0	15384	15385	0	15386	0	15387	0	15388	15389	0	15390	15391	15392	15393	0	0	15394	15395	0	15396	15397	15398	15399	15400	15401	15402	0	0	0	0	15403	15404	15405	15406	0	15407	15408	0	0	15409	0	0	0	15410	0	0	15411	15412	0	15413	0	0	15414	0	15415	15416	0	0	0	15417	15418	15419	15420	0	15421	15422	15423	0	15424	0	0	15425	15426	0	0	0	15427	15428	15429	15430	15431	15432	15433	0	0	15434	0	15435	15436	15437	15438	15439	15440	0	0	15441	0	0	0	0	0	15442	0	15443	0	0	15444	0	15445	0	15446	0	15447	15448	0	0	0	0	15449	15450	15451	15452	0	15453	0	15454	0	15455	15456	15457	15458	0	15459	0	15460	0	0	15461	0	0	0	
15462	0	0	0	15463	15464	0	15465	0	15466	15467	0	0	15468	15469	0	15470	15471	15472	15473	0	0	0	0	15474	15475	15476	15477	15478	15479	0	15480	0	0	15481	15482	15483	0	15484	15485	15486	15487	0	15488	15489	0	0	15490	0	15491	15492	0	15493	15494	0	15495	0	15496	0	0	15497	15498	0	0	15499	0	0	15500	15501	0	15502	15503	0	0	15504	15505	0	0	15506	0	15507	0	15508	0	0	15509	15510	0	0	0	0	15511	15512	15513	15514	0	0	15515	0	15516	15517	0	15518	0	15519	15520	0	15521	15522	0	0	0	15523	15524	0	15525	0	15526	0	15527	0	0	0	0	15528	15529	15530	15531	15532	15533	15534	15535	15536	15537	15538	0	0	15539	15540	15541	15542	15543	15544	15545	15546	0	0	0	0	0	0	15547	15548	15549	15550	15551	15552	0	15553	15554	0	15555	0	15556	15557	0	15558	15559	15560	15561	15562	15563	15564	0	0	15565	0	15566	15567	15568	15569	0	15570	15571	0	0	0	15572	15573	15574	0	0	15575	15576	0	15577	0	15578	0	0	0	15579	15580	15581	15582	15583	15584	0	15585	0	15586	15587	15588	15589	15590	15591	0	15592	0	0	15593	15594	15595	15596	15597	0	0	0	15598	0	15599	15600	15601	15602	15603	0	0	0	15604	15605	15606	0	0	0	15607	0	0	15608	15609	15610	0	15611	15612	0	0	15613	0	0	15614	15615	15616	15617	15618	15619	15620	0	15621	15622	0	15623	15624	0	0	0	0	15625	0	0	15626	15627	15628	0	0	15629	0	15630	15631	0	
15632	15633	15634	0	0	15635	0	0	0	15636	15637	0	15638	15639	0	15640	0	15641	0	0	15642	15643	15644	0	0	15645	0	0	15646	15647	15648	0	0	0	15649	15650	15651	15652	15653	15654	15655	0	0	0	0	0	15656	15657	0	0	0	0	15658	15659	15660	15661	0	0	15662	15663	15664	0	15665	15666	15667	15668	15669	0	15670	15671	15672	15673	0	15674	0	15675	0	15676	15677	15678	15679	15680	15681	15682	15683	0	15684	0	0	0	0	0	15685	15686	15687	0	15688	0	15689	0	0	0	15690	0	0	0	0	15691	15692	0	15693	0	0	0	0	0	0	0	0	15694	15695	0	0	0	0	15696	15697	15698	15699	0	0	0	15700	15701	0	15702	0	0	15703	15704	0	15705	15706	15707	0	0	15708	0	15709	0	15710	15711	0	0	0	0	15712	0	0	15713	15714	0	15715	15716	0	0	0	15717	15718	15719	0	0	15720	15721	15722	15723	0	0	15724	15725	15726	0	0	15727	15728	0	15729	15730	15731	15732	0	0	15733	0	0	15734	15735	0	15736	15737	0	0	15738	15739	15740	15741	15742	15743	0	0	15744	15745	15746	15747	15748	0	0	0	0	0	15749	15750	0	0	15751	0	0	0	0	15752	15753	15754	15755	0	15756	15757	15758	15759	15760	0	15761	15762	15763	15764	15765	15766	15767	15768	15769	15770	0	15771	0	15772	15773	0	15774	15775	15776	15777	0	15778	0	15779	15780	15781	15782	0	15783	15784	15785	15786	15787	0	15788	0	0	0	0	15789	15790	0	0	15791	15792	15793	15794	0	
0	0	15795	0	15796	0	0	15797	15798	0	0	0	0	15799	15800	15801	0	15802	15803	0	0	15804	0	0	0	0	0	15805	0	0	15806	0	15807	15808	15809	15810	15811	0	15812	15813	15814	15815	15816	15817	15818	0	0	15819	15820	0	0	15821	15822	0	15823	0	0	15824	0	0	15825	0	15826	15827	15828	15829	15830	0	0	0	0	0	0	15831	15832	15833	15834	15835	0	15836	15837	15838	15839	15840	0	15841	15842	15843	15844	0	15845	0	15846	0	15847	15848	15849	0	15850	15851	0	15852	0	15853	15854	0	15855	15856	0	0	15857	15858	15859	0	15860	15861	15862	15863	0	15864	15865	15866	0	15867	15868	15869	15870	15871	0	15872	15873	0	15874	15875	15876	15877	15878	0	0	15879	0	0	0	0	0	15880	15881	15882	0	0	0	15883	0	15884	15885	0	15886	15887	15888	15889	15890	15891	15892	15893	0	0	15894	15895	15896	0	0	0	15897	15898	0	0	15899	15900	15901	0	0	15902	15903	15904	15905	15906	15907	15908	0	15909	0	15910	15911	0	15912	15913	15914	0	0	15915	0	0	15916	0	15917	15918	15919	15920	15921	15922	0	15923	15924	0	15925	15926	0	15927	0	15928	0	15929	15930	15931	15932	15933	15934	15935	15936	15937	15938	15939	15940	15941	0	0	15942	15943	15944	15945	15946	15947	15948	15949	15950	15951	15952	15953	0	15954	0	15955	15956	15957	15958	15959	0	15960	15961	15962	15963	15964	0	15965	0	0	0	0	15966	0	15967	15968	15969	15970	0	15971	15972	0	0	0	0	15973	15974	15975	15976	15977	15978	15979	
15980	15981	0	15982	15983	15984	15985	15986	0	0	0	0	15987	0	0	15988	15989	0	15990	15991	15992	15993	0	15994	15995	0	15996	0	0	15997	0	15998	0	15999	0	0	0	16000	0	0	0	16001	16002	16003	16004	0	16005	16006	16007	16008	0	16009	0	0	16010	0	16011	0	16012	0	16013	16014	16015	0	16016	16017	16018	16019	0	16020	0	16021	16022	16023	0	0	0	16024	16025	16026	16027	16028	0	16029	0	16030	16031	16032	16033	16034	0	16035	0	0	16036	0	16037	0	16038	16039	0	16040	16041	16042	0	0	0	0	16043	16044	16045	0	16046	16047	0	16048	16049	16050	0	0	16051	16052	0	0	16053	16054	16055	0	16056	0	0	0	16057	16058	16059	16060	16061	0	0	16062	16063	0	16064	0	16065	16066	16067	16068	0	0	16069	16070	0	16071	16072	16073	0	0	0	16074	16075	0	16076	0	16077	16078	16079	16080	0	0	0	16081	0	16082	16083	0	16084	16085	16086	16087	16088	16089	16090	16091	0	16092	16093	16094	0	0	16095	16096	16097	16098	0	16099	16100	0	0	0	0	16101	16102	16103	16104	0	16105	0	16106	0	16107	16108	16109	16110	16111	0	0	0	16112	0	16113	0	16114	16115	16116	16117	16118	16119	0	0	16120	16121	0	16122	16123	16124	16125	0	0	0	0	16126	16127	16128	0	0	0	16129	0	16130	0	0	0	16131	16132	16133	16134	16135	0	0	0	16136	16137	16138	0	0	0	0	0	0	16139	16140	16141	0	16142	0	16143	16144	0	16145	0	16146	16147	16148	0	16149	16150	16151	
16152	16153	16154	16155	0	0	0	16156	16157	0	0	16158	0	16159	16160	0	0	16161	16162	16163	16164	16165	0	0	16166	0	16167	16168	0	16169	16170	16171	16172	0	0	16173	16174	0	16175	16176	16177	16178	16179	16180	0	0	16181	16182	16183	0	16184	16185	16186	16187	0	16188	0	0	16189	0	16190	16191	0	16192	0	16193	0	16194	16195	0	16196	16197	0	16198	16199	16200	0	0	16201	16202	16203	0	0	16204	0	16205	0	16206	0	0	16207	0	0	16208	16209	16210	16211	0	0	0	16212	16213	16214	16215	16216	16217	0	0	0	16218	16219	16220	16221	0	16222	16223	0	16224	0	0	0	0	0	16225	0	16226	16227	16228	16229	16230	0	0	16231	16232	16233	16234	0	16235	0	16236	0	16237	16238	16239	16240	16241	16242	0	0	16243	16244	16245	16246	16247	16248	16249	16250	16251	16252	0	0	0	16253	0	16254	16255	16256	0	16257	0	16258	16259	16260	0	0	0	16261	16262	0	16263	16264	16265	16266	0	0	0	0	16267	16268	16269	16270	0	16271	16272	16273	0	16274	16275	16276	16277	16278	16279	16280	16281	16282	0	16283	0	0	16284	16285	0	0	16286	16287	16288	16289	0	16290	0	16291	0	0	16292	16293	16294	16295	16296	16297	16298	0	16299	16300	16301	16302	16303	0	16304	16305	0	0	16306	16307	0	16308	16309	16310	16311	16312	16313	16314	16315	16316	0	0	0	0	16317	0	16318	16319	16320	16321	16322	0	0	0	16323	16324	0	16325	0	16326	0	16327	0	16328	16329	16330	16331	16332	16333	0	16334	0	0	0	16335	
16336	0	16337	16338	0	16339	0	16340	16341	0	16342	0	16343	16344	16345	0	16346	0	16347	0	0	16348	16349	0	16350	0	16351	16352	16353	0	0	16354	0	16355	16356	0	16357	0	16358	16359	0	16360	0	0	0	16361	16362	16363	16364	0	16365	0	0	0	0	16366	16367	16368	16369	16370	16371	0	16372	0	0	0	16373	16374	0	16375	16376	16377	16378	16379	16380	16381	16382	0	16383	16384	0	16385	0	0	16386	16387	16388	16389	0	0	16390	16391	16392	0	16393	0	16394	0	0	16395	0	16396	0	16397	16398	16399	0	16400	0	0	0	0	16401	16402	0	16403	0	16404	16405	16406	16407	0	0	16408	0	16409	16410	0	0	0	0	16411	0	16412	0	16413	0	0	16414	16415	16416	16417	16418	0	16419	0	16420	0	16421	16422	16423	0	16424	0	0	16425	16426	16427	0	16428	16429	0	16430	0	16431	16432	0	0	16433	16434	16435	16436	16437	0	0	16438	16439	16440	0	16441	0	0	16442	16443	0	0	16444	0	16445	16446	16447	0	16448	16449	0	0	16450	16451	0	16452	0	16453	0	16454	16455	16456	16457	0	0	0	16458	16459	0	16460	16461	16462	0	0	16463	0	0	0	16464	16465	16466	16467	0	0	0	16468	16469	0	16470	16471	0	0	0	0	0	16472	16473	0	0	16474	16475	16476	16477	0	16478	0	16479	16480	0	0	0	16481	16482	16483	16484	16485	0	0	0	0	0	16486	16487	16488	16489	16490	16491	0	16492	16493	0	0	16494	0	16495	0	16496	16497	0	16498	0	16499	16500	16501	
16502	0	0	16503	0	16504	0	0	16505	0	16506	0	0	16507	0	16508	0	16509	16510	0	16511	0	16512	0	16513	16514	0	16515	0	0	16516	16517	16518	16519	16520	16521	16522	16523	0	0	0	0	16524	0	16525	16526	16527	16528	0	0	16529	16530	0	0	0	16531	16532	0	16533	0	16534	16535	0	0	16536	16537	0	0	16538	16539	0	0	16540	0	0	0	16541	16542	16543	16544	0	0	0	16545	16546	0	0	16547	16548	16549	16550	16551	0	16552	16553	16554	16555	0	0	16556	16557	0	16558	0	16559	16560	16561	0	0	16562	16563	16564	0	16565	0	16566	0	16567	16568	0	0	0	16569	0	16570	16571	0	16572	0	16573	16574	0	16575	16576	16577	0	0	0	0	16578	16579	16580	16581	16582	16583	0	16584	0	16585	16586	16587	0	16588	0	0	0	0	0	0	0	0	16589	16590	16591	16592	16593	16594	16595	16596	16597	0	16598	0	16599	16600	16601	0	0	0	16602	16603	16604	0	16605	0	16606	0	16607	16608	0	0	16609	0	0	0	0	0	0	0	16610	16611	16612	0	16613	16614	16615	16616	16617	16618	0	0	0	0	0	16619	16620	16621	16622	16623	0	16624	16625	16626	16627	0	16628	16629	16630	0	16631	16632	16633	16634	16635	16636	0	16637	0	16638	0	16639	16640	0	16641	0	0	16642	16643	0	16644	16645	16646	0	16647	0	16648	0	0	0	16649	16650	16651	0	0	0	16652	0	16653	0	0	16654	16655	16656	0	16657	0	0	16658	0	16659	16660	0	16661	16662	16663	16664	16665	16666	
16667	16668	0	0	16669	0	0	16670	0	0	16671	0	16672	16673	0	16674	16675	0	16676	16677	16678	0	16679	16680	16681	16682	16683	16684	0	16685	16686	0	16687	16688	0	16689	16690	16691	0	0	0	0	0	16692	0	16693	0	16694	16695	16696	0	16697	0	0	16698	16699	0	0	16700	16701	16702	16703	0	16704	16705	0	0	0	0	16706	16707	16708	16709	16710	16711	16712	16713	16714	16715	16716	16717	0	0	16718	0	0	0	0	16719	16720	0	0	0	0	16721	16722	0	16723	16724	16725	0	16726	16727	0	16728	0	0	16729	0	0	16730	16731	0	16732	16733	16734	0	0	0	0	0	16735	0	0	16736	0	0	16737	16738	16739	16740	16741	0	16742	0	0	0	16743	16744	16745	0	16746	0	16747	16748	0	16749	0	0	0	16750	0	16751	16752	0	0	0	0	16753	16754	0	16755	16756	16757	0	16758	16759	16760	16761	16762	0	16763	16764	16765	16766	16767	16768	0	16769	0	16770	16771	0	0	16772	16773	16774	16775	0	16776	0	16777	16778	16779	16780	0	16781	0	16782	16783	0	16784	16785	0	16786	16787	16788	16789	0	0	16790	16791	0	16792	16793	0	0	0	16794	16795	16796	16797	0	0	16798	16799	16800	16801	0	16802	16803	16804	16805	16806	16807	0	16808	16809	16810	16811	16812	0	16813	16814	16815	0	16816	0	0	16817	0	0	16818	0	16819	0	16820	0	0	0	16821	16822	16823	16824	16825	0	16826	16827	16828	16829	16830	16831	16832	16833	16834	16835	0	16836	16837	16838	0	16839	16840	0	16841	16842	0	16843	
0	0	0	16844	16845	16846	0	16847	16848	0	16849	0	16850	16851	0	16852	0	16853	16854	16855	16856	16857	16858	0	0	0	0	0	0	16859	0	16860	16861	16862	0	16863	0	0	0	0	0	0	16864	0	16865	0	16866	16867	16868	16869	16870	0	16871	16872	0	16873	16874	0	16875	16876	0	0	16877	0	0	16878	0	0	16879	16880	16881	0	16882	16883	0	16884	16885	16886	16887	16888	0	16889	16890	0	16891	16892	0	16893	16894	16895	0	0	0	16896	0	16897	0	16898	0	16899	16900	16901	0	16902	16903	16904	16905	0	16906	16907	16908	16909	0	0	16910	16911	0	16912	0	16913	16914	0	16915	16916	16917	16918	0	16919	0	0	16920	16921	16922	16923	16924	0	0	0	16925	0	16926	16927	0	16928	16929	0	16930	16931	16932	0	16933	16934	0	0	0	16935	16936	0	16937	16938	0	0	0	16939	0	16940	16941	16942	0	0	16943	16944	16945	16946	0	16947	16948	16949	16950	0	0	0	16951	16952	0	16953	0	0	16954	0	16955	16956	16957	0	16958	16959	0	16960	16961	0	0	0	0	0	16962	16963	0	16964	16965	16966	16967	0	16968	16969	16970	16971	0	0	0	16972	0	0	0	16973	0	0	16974	16975	16976	16977	0	16978	16979	0	16980	16981	0	16982	0	16983	16984	16985	16986	16987	16988	0	16989	0	16990	0	16991	16992	16993	16994	16995	16996	0	16997	16998	0	16999	0	17000	0	17001	0	17002	17003	0	0	17004	17005	17006	0	17007	0	0	0	17008	0	0	0	0	17009	17010	0	17011	17012	
0	17013	0	17014	17015	0	0	17016	17017	17018	17019	17020	17021	0	0	17022	0	17023	17024	17025	0	0	17026	17027	17028	17029	0	17030	0	17031	17032	17033	17034	0	17035	17036	17037	0	17038	17039	17040	17041	17042	17043	17044	17045	17046	0	0	17047	0	0	17048	0	17049	17050	17051	17052	0	17053	17054	0	0	17055	0	0	17056	17057	17058	17059	17060	0	0	17061	0	17062	17063	17064	0	0	0	17065	0	0	17066	17067	17068	17069	17070	0	17071	17072	0	17073	0	17074	17075	17076	17077	17078	17079	0	0	0	17080	17081	0	17082	0	17083	0	17084	0	17085	17086	0	17087	17088	17089	17090	0	0	17091	17092	17093	17094	17095	17096	0	0	0	0	17097	17098	0	0	17099	0	0	0	0	0	17100	0	0	0	0	17101	17102	0	17103	0	17104	17105	17106	17107	0	17108	17109	0	17110	17111	0	0	17112	0	17113	17114	17115	17116	17117	0	17118	17119	0	17120	17121	17122	17123	17124	17125	17126	17127	17128	17129	0	17130	17131	17132	17133	17134	17135	17136	17137	17138	17139	0	0	0	17140	17141	17142	0	17143	17144	17145	0	17146	17147	0	0	0	0	0	17148	17149	17150	17151	17152	0	17153	0	17154	17155	0	17156	17157	0	17158	0	17159	17160	17161	17162	0	0	17163	17164	0	17165	0	17166	17167	0	17168	0	0	17169	17170	17171	17172	17173	17174	17175	0	17176	0	17177	17178	0	17179	0	17180	17181	17182	0	17183	0	0	17184	17185	17186	17187	0	0	17188	17189	0	0	17190	17191	0	0	17192	17193	0	0	17194	
0	17195	0	17196	17197	0	0	0	17198	17199	17200	0	0	0	17201	17202	17203	0	17204	0	17205	17206	0	17207	17208	0	17209	17210	17211	17212	0	17213	0	17214	17215	0	17216	0	17217	17218	0	0	17219	0	17220	0	17221	17222	17223	17224	0	17225	0	17226	17227	17228	0	17229	17230	0	17231	17232	17233	17234	17235	17236	17237	0	17238	0	0	0	17239	17240	0	17241	0	0	17242	0	0	17243	17244	0	0	17245	17246	17247	17248	17249	17250	17251	0	17252	0	17253	17254	0	17255	17256	17257	17258	0	17259	17260	17261	17262	17263	0	17264	17265	0	0	17266	17267	17268	17269	17270	0	17271	0	0	17272	0	17273	17274	0	17275	0	0	0	0	17276	0	17277	17278	17279	0	0	17280	17281	0	0	17282	17283	0	0	17284	17285	0	17286	0	17287	0	17288	0	17289	0	0	0	17290	17291	0	0	0	0	0	17292	17293	17294	0	17295	0	17296	17297	17298	17299	17300	0	17301	0	0	0	17302	17303	0	17304	0	17305	0	17306	17307	0	0	17308	0	0	0	17309	0	0	17310	17311	17312	17313	0	0	17314	0	17315	17316	17317	0	0	17318	0	0	17319	0	0	17320	17321	17322	17323	17324	0	17325	17326	17327	0	0	17328	17329	0	0	0	17330	0	0	17331	17332	17333	17334	17335	0	0	17336	17337	17338	17339	17340	17341	17342	0	0	0	17343	17344	17345	0	17346	0	17347	17348	17349	17350	17351	0	17352	17353	0	17354	17355	17356	17357	17358	17359	17360	17361	0	17362	0	0	17363	17364	17365	17366	17367	
0	0	0	0	0	17368	17369	17370	17371	17372	17373	0	17374	0	0	17375	0	0	0	17376	17377	17378	0	17379	0	0	17380	0	0	0	17381	17382	17383	0	17384	0	17385	17386	0	0	0	17387	17388	0	0	17389	17390	0	17391	17392	17393	17394	0	17395	17396	17397	17398	17399	0	0	17400	0	0	0	17401	17402	17403	17404	17405	17406	17407	0	17408	0	0	17409	17410	0	17411	0	0	0	0	0	17412	0	17413	0	17414	17415	17416	17417	0	0	0	17418	0	17419	17420	17421	17422	0	17423	0	0	0	17424	17425	0	17426	17427	0	17428	17429	0	0	17430	17431	0	17432	17433	17434	0	17435	0	17436	0	0	17437	0	17438	0	17439	0	0	17440	0	17441	0	0	0	0	0	0	17442	0	17443	0	17444	17445	17446	17447	0	17448	17449	17450	0	17451	0	17452	0	0	17453	0	17454	17455	17456	17457	17458	17459	0	17460	0	0	0	0	0	17461	0	0	17462	0	17463	17464	17465	0	17466	0	17467	0	17468	0	17469	0	17470	17471	17472	0	17473	17474	17475	0	17476	17477	17478	17479	17480	0	17481	17482	17483	0	17484	17485	17486	17487	17488	17489	17490	0	0	0	17491	0	0	17492	0	17493	17494	17495	17496	17497	0	17498	0	17499	0	17500	0	17501	17502	17503	17504	17505	17506	17507	17508	17509	0	0	17510	17511	17512	17513	0	17514	0	17515	17516	17517	0	17518	17519	17520	0	0	0	17521	17522	17523	17524	17525	0	0	0	17526	0	17527	17528	17529	17530	17531	17532	17533	0	17534	0	0	
17535	0	17536	0	0	0	17537	0	17538	17539	17540	17541	17542	17543	17544	17545	17546	17547	17548	17549	0	17550	17551	17552	17553	17554	17555	17556	17557	17558	0	0	0	17559	0	17560	0	17561	17562	17563	0	17564	0	0	0	0	0	0	0	0	0	17565	17566	17567	17568	17569	17570	17571	17572	0	17573	0	17574	17575	17576	0	0	17577	0	17578	17579	17580	17581	17582	0	17583	17584	17585	0	0	17586	0	17587	0	17588	17589	0	17590	17591	0	17592	17593	17594	0	17595	0	17596	0	0	0	17597	17598	0	17599	0	0	17600	17601	0	0	17602	17603	17604	0	17605	0	17606	0	17607	0	0	17608	17609	0	17610	0	0	17611	17612	17613	0	17614	17615	17616	17617	17618	17619	17620	0	0	17621	17622	0	0	17623	17624	17625	17626	17627	0	0	0	0	17628	0	0	17629	17630	0	0	17631	17632	17633	17634	17635	17636	17637	0	17638	17639	0	17640	17641	17642	17643	0	17644	17645	0	17646	17647	17648	17649	17650	0	0	17651	0	17652	17653	0	0	17654	17655	17656	17657	0	17658	0	17659	17660	17661	0	17662	17663	0	17664	17665	17666	17667	17668	0	17669	0	17670	17671	0	0	17672	0	17673	0	0	17674	0	0	17675	0	0	17676	17677	0	0	0	0	17678	17679	17680	17681	17682	0	17683	0	17684	0	17685	17686	17687	0	17688	17689	0	0	17690	17691	17692	17693	17694	17695	17696	0	0	0	17697	17698	17699	17700	0	17701	0	17702	0	17703	17704	17705	17706	0	17707	0	17708	17709	17710	0	0	17711	17712	17713	17714	
0	17715	0	0	0	17716	0	0	0	17717	0	17718	17719	17720	17721	17722	17723	0	17724	0	0	17725	0	17726	17727	17728	0	17729	17730	0	17731	0	17732	17733	17734	0	17735	17736	17737	0	17738	17739	17740	0	17741	17742	17743	17744	17745	17746	17747	0	0	17748	17749	0	17750	0	0	0	0	0	17751	17752	0	0	17753	0	0	0	0	0	17754	17755	17756	17757	0	0	0	17758	0	17759	0	17760	17761	17762	17763	0	0	0	0	0	17764	17765	17766	17767	17768	17769	17770	0	0	17771	0	0	17772	0	17773	0	17774	17775	0	0	0	17776	17777	17778	0	17779	17780	17781	17782	0	17783	17784	17785	17786	17787	0	17788	0	0	17789	17790	17791	17792	0	17793	0	0	17794	17795	0	0	0	0	0	0	17796	17797	17798	0	0	17799	0	0	0	0	17800	0	0	0	17801	17802	17803	17804	0	17805	0	17806	17807	17808	0	17809	0	17810	0	0	17811	17812	0	17813	17814	17815	17816	17817	17818	17819	17820	17821	0	17822	0	17823	0	17824	17825	17826	17827	17828	17829	17830	17831	17832	0	17833	17834	0	17835	0	17836	0	0	0	17837	17838	0	17839	0	17840	17841	0	17842	0	17843	17844	17845	17846	17847	17848	17849	0	0	17850	0	0	0	17851	17852	17853	0	0	17854	17855	17856	17857	17858	0	0	17859	17860	17861	17862	0	17863	17864	0	0	0	0	17865	17866	0	17867	0	0	17868	17869	17870	0	17871	0	17872	0	17873	0	0	0	17874	0	17875	17876	17877	17878	17879	0	0	0	17880	
0	0	17881	17882	17883	0	17884	17885	17886	17887	17888	0	17889	17890	17891	17892	0	0	17893	0	0	17894	17895	0	17896	0	17897	17898	17899	17900	17901	17902	17903	0	0	0	0	17904	17905	17906	0	0	17907	17908	0	0	0	17909	17910	0	0	0	0	17911	0	17912	17913	0	17914	0	17915	0	17916	17917	17918	17919	17920	17921	17922	17923	0	0	17924	17925	0	0	17926	0	0	0	17927	17928	17929	17930	17931	17932	0	17933	0	17934	17935	0	0	0	17936	17937	0	17938	17939	17940	17941	0	0	17942	17943	17944	17945	17946	17947	17948	17949	0	17950	0	17951	17952	17953	17954	17955	17956	0	17957	17958	0	17959	17960	17961	0	0	0	17962	17963	17964	0	17965	17966	0	17967	0	17968	0	17969	0	0	0	17970	17971	17972	0	17973	17974	17975	0	17976	17977	0	17978	17979	17980	0	17981	0	0	0	0	17982	0	0	17983	0	17984	17985	0	0	17986	0	0	0	0	0	0	0	0	0	17987	17988	0	0	17989	0	0	0	17990	17991	17992	0	0	17993	0	17994	17995	0	17996	17997	17998	17999	18000	0	0	18001	18002	18003	0	18004	0	18005	0	18006	18007	0	18008	18009	18010	0	0	18011	0	18012	0	0	18013	18014	18015	18016	18017	18018	18019	0	18020	18021	18022	0	18023	18024	18025	18026	18027	0	18028	18029	0	18030	0	18031	18032	18033	18034	18035	18036	0	18037	18038	0	18039	18040	18041	18042	18043	18044	18045	0	0	18046	18047	0	0	18048	0	18049	18050	0	18051	18052	0	0	18053	0	18054	
18055	18056	0	0	0	0	0	18057	18058	18059	0	18060	0	18061	0	18062	18063	18064	0	18065	0	18066	18067	18068	0	18069	18070	18071	0	18072	0	0	18073	18074	18075	18076	18077	18078	18079	18080	18081	0	18082	18083	18084	18085	18086	0	18087	18088	18089	0	0	0	0	18090	18091	0	18092	18093	18094	18095	18096	18097	0	0	18098	18099	0	0	18100	18101	0	18102	0	18103	18104	0	0	18105	18106	18107	0	0	18108	18109	18110	18111	0	18112	0	0	18113	0	0	18114	0	18115	18116	0	18117	18118	18119	18120	18121	0	18122	18123	18124	18125	18126	0	0	0	18127	18128	0	0	0	18129	18130	18131	0	0	18132	0	18133	0	18134	18135	0	18136	0	0	18137	0	18138	18139	18140	0	0	0	0	0	0	18141	18142	0	0	18143	18144	0	0	0	18145	18146	18147	0	18148	18149	18150	0	18151	0	18152	0	0	0	18153	0	0	0	18154	18155	18156	18157	0	18158	0	18159	0	18160	18161	18162	18163	18164	18165	18166	18167	18168	0	18169	18170	18171	0	18172	0	0	18173	18174	0	0	18175	18176	0	0	0	18177	0	18178	18179	18180	18181	18182	18183	0	0	0	0	18184	0	0	18185	18186	18187	0	18188	18189	18190	18191	18192	18193	18194	18195	18196	18197	18198	18199	0	0	18200	18201	0	0	18202	0	18203	0	18204	0	0	18205	0	0	18206	0	18207	0	0	18208	18209	18210	0	0	0	18211	0	18212	0	0	18213	18214	18215	18216	18217	0	18218	18219	18220	18221	18222	18223	18224	0	0	0	18225	0	
0	0	0	0	18226	18227	18228	18229	0	18230	0	18231	0	18232	0	0	18233	18234	0	0	0	0	18235	18236	18237	18238	0	18239	18240	0	18241	18242	0	0	0	0	18243	18244	18245	18246	18247	0	0	18248	0	18249	18250	0	18251	0	18252	18253	18254	18255	18256	0	0	0	0	18257	0	0	18258	18259	18260	0	0	18261	0	0	0	18262	0	0	18263	0	18264	0	18265	18266	0	0	18267	0	18268	18269	0	18270	18271	0	18272	18273	0	0	18274	0	0	18275	18276	0	18277	0	0	0	18278	18279	18280	0	18281	0	0	0	18282	0	18283	0	18284	18285	0	18286	18287	18288	18289	18290	18291	0	0	18292	18293	18294	18295	0	0	18296	18297	18298	0	0	18299	18300	0	18301	18302	18303	18304	0	18305	18306	0	18307	18308	0	0	18309	18310	18311	0	18312	0	18313	0	18314	0	18315	18316	0	18317	18318	18319	0	0	18320	0	0	18321	18322	0	0	18323	0	18324	18325	0	18326	0	18327	18328	18329	18330	0	0	18331	0	18332	18333	0	0	18334	0	18335	18336	18337	18338	0	18339	18340	18341	18342	0	18343	18344	0	18345	0	18346	0	18347	0	18348	0	18349	18350	18351	18352	18353	18354	18355	18356	18357	0	0	18358	18359	0	18360	18361	18362	18363	18364	18365	0	0	0	18366	18367	0	18368	0	0	0	0	0	18369	0	18370	18371	18372	18373	18374	18375	18376	18377	0	18378	18379	18380	0	0	18381	18382	18383	18384	18385	18386	18387	18388	0	0	18389	18390	0	18391	0	0	18392	0	0	18393	
0	0	18394	18395	18396	0	18397	18398	18399	18400	18401	18402	18403	0	18404	0	18405	18406	18407	18408	18409	0	18410	18411	18412	0	0	18413	0	18414	18415	18416	0	18417	0	18418	0	0	18419	18420	18421	0	0	0	0	18422	18423	18424	18425	0	18426	18427	0	18428	18429	0	0	0	0	0	0	18430	0	0	18431	0	18432	0	0	18433	0	0	18434	18435	18436	18437	0	18438	18439	0	18440	0	18441	0	0	0	0	18442	18443	0	0	18444	0	0	18445	18446	0	0	0	0	18447	0	0	18448	18449	0	18450	0	18451	18452	18453	18454	18455	18456	0	0	18457	0	18458	0	0	0	0	18459	0	18460	0	18461	18462	18463	18464	0	18465	18466	18467	0	18468	18469	0	0	0	0	0	18470	0	18471	18472	18473	0	18474	0	18475	18476	18477	0	0	0	0	0	0	18478	18479	18480	0	0	18481	0	0	0	18482	18483	18484	0	0	0	0	0	18485	0	0	18486	0	18487	18488	0	18489	18490	18491	18492	18493	18494	18495	18496	0	0	18497	18498	0	18499	0	0	18500	18501	18502	18503	18504	18505	0	18506	0	18507	18508	18509	18510	0	0	0	0	18511	0	18512	18513	18514	0	18515	0	0	0	0	18516	18517	0	0	18518	18519	0	0	18520	18521	18522	0	18523	0	18524	18525	0	0	0	18526	18527	18528	18529	18530	0	18531	18532	18533	18534	18535	0	18536	18537	18538	18539	18540	0	18541	18542	0	18543	0	18544	18545	18546	0	18547	18548	0	18549	0	18550	18551	18552	18553	18554	18555	0	0	
0	18556	0	18557	0	18558	0	18559	18560	18561	0	18562	0	0	18563	0	18564	0	0	18565	18566	0	0	0	18567	18568	0	18569	18570	0	18571	0	0	0	18572	18573	0	18574	0	0	18575	18576	18577	0	18578	0	18579	18580	18581	18582	0	0	0	18583	0	18584	0	0	18585	18586	0	18587	0	18588	0	18589	0	0	0	18590	18591	18592	0	18593	18594	18595	0	0	18596	18597	0	18598	0	18599	0	18600	18601	0	0	18602	18603	18604	0	18605	18606	0	18607	18608	0	0	0	18609	0	0	0	0	18610	18611	0	18612	18613	0	0	18614	18615	18616	18617	18618	18619	18620	18621	18622	18623	0	18624	0	18625	0	0	18626	0	18627	0	18628	18629	0	18630	18631	0	0	18632	18633	0	0	0	0	0	18634	18635	18636	0	18637	0	18638	18639	0	18640	18641	0	18642	0	18643	18644	18645	18646	0	18647	18648	18649	18650	18651	0	18652	18653	18654	0	18655	18656	18657	18658	18659	18660	0	18661	0	18662	18663	18664	18665	0	0	18666	18667	18668	0	0	18669	18670	18671	18672	0	18673	18674	0	0	0	18675	0	18676	0	18677	18678	18679	18680	0	18681	0	0	18682	18683	18684	0	18685	18686	18687	0	0	18688	0	18689	0	0	18690	0	0	18691	0	0	18692	0	18693	0	0	0	0	18694	18695	0	0	0	18696	18697	18698	18699	0	0	18700	0	0	0	18701	18702	18703	0	18704	18705	0	18706	18707	18708	0	0	18709	0	0	18710	0	18711	18712	0	18713	18714	18715	18716	0	18717	18718	18719	
0	18720	0	18721	18722	0	0	0	18723	18724	18725	18726	18727	18728	18729	0	0	18730	18731	18732	0	0	18733	0	0	18734	18735	0	18736	18737	0	0	18738	18739	0	0	0	0	0	18740	0	0	18741	0	0	18742	18743	18744	0	18745	0	0	18746	18747	18748	0	18749	0	0	0	0	18750	18751	18752	0	18753	18754	18755	0	18756	0	18757	0	18758	18759	18760	0	18761	18762	18763	18764	18765	18766	18767	18768	18769	18770	18771	18772	18773	18774	18775	18776	18777	0	18778	18779	0	18780	18781	18782	18783	0	0	0	0	18784	0	0	18785	18786	0	18787	18788	0	0	18789	18790	18791	18792	18793	18794	18795	18796	18797	0	0	18798	0	18799	18800	18801	18802	0	18803	18804	18805	18806	18807	18808	0	18809	0	18810	0	18811	0	0	18812	18813	0	0	18814	18815	18816	0	18817	0	18818	18819	0	18820	18821	18822	18823	0	0	18824	18825	18826	0	18827	18828	0	18829	0	18830	0	18831	18832	18833	0	18834	0	18835	0	18836	18837	0	18838	0	18839	18840	18841	0	18842	18843	18844	18845	18846	18847	18848	0	0	18849	18850	0	18851	18852	0	18853	18854	18855	0	0	0	0	0	0	18856	0	18857	18858	18859	0	18860	0	0	18861	0	18862	0	18863	18864	18865	0	0	18866	0	0	18867	0	0	18868	18869	18870	0	18871	0	0	18872	18873	18874	18875	18876	0	18877	0	18878	18879	18880	0	18881	18882	0	0	0	0	18883	18884	18885	0	0	18886	18887	0	18888	18889	0	0	0	18890	0	0	18891	18892	0	18893	
0	0	0	18894	0	18895	18896	18897	0	18898	18899	0	18900	0	0	18901	0	0	0	18902	0	18903	18904	18905	18906	0	18907	18908	18909	0	18910	18911	0	18912	18913	18914	18915	0	0	0	0	0	18916	0	0	18917	0	18918	18919	0	18920	18921	0	0	0	18922	18923	18924	18925	18926	18927	0	18928	0	18929	18930	18931	18932	18933	18934	18935	0	18936	0	0	0	18937	0	0	0	0	0	18938	18939	0	0	0	18940	18941	18942	18943	0	0	18944	0	18945	18946	0	18947	18948	18949	18950	0	18951	18952	18953	0	0	18954	18955	18956	0	0	0	18957	18958	18959	18960	18961	0	18962	18963	18964	18965	18966	0	18967	0	18968	18969	0	18970	18971	18972	0	0	18973	18974	18975	0	0	0	0	0	0	18976	0	18977	18978	0	0	18979	0	0	18980	18981	0	0	18982	18983	0	18984	18985	18986	18987	0	18988	0	0	18989	18990	18991	18992	18993	18994	0	0	0	18995	18996	18997	18998	18999	0	0	19000	19001	19002	19003	19004	19005	0	19006	0	19007	19008	0	19009	19010	19011	19012	0	19013	19014	19015	0	0	19016	0	0	0	19017	0	0	0	19018	0	19019	19020	0	0	19021	19022	19023	19024	0	0	19025	19026	0	19027	19028	19029	0	0	0	19030	0	0	19031	0	0	19032	0	19033	19034	0	19035	0	0	19036	0	19037	0	19038	19039	0	0	19040	0	0	19041	19042	19043	19044	19045	19046	19047	0	0	0	19048	0	19049	19050	0	19051	19052	0	0	19053	19054	19055	19056	19057	19058	0	19059	
0	19060	19061	19062	0	19063	19064	19065	0	0	19066	19067	0	0	0	19068	0	19069	0	0	0	19070	19071	0	19072	19073	0	0	19074	19075	19076	0	0	19077	19078	0	0	0	19079	19080	19081	0	0	19082	0	19083	19084	0	19085	0	0	19086	19087	19088	19089	19090	19091	19092	19093	19094	19095	0	0	19096	0	19097	19098	0	19099	0	0	0	0	19100	19101	19102	19103	0	19104	19105	0	19106	0	0	19107	19108	0	0	19109	0	19110	19111	19112	19113	0	0	0	0	19114	19115	19116	19117	19118	0	19119	19120	19121	0	19122	19123	0	19124	0	19125	19126	19127	19128	19129	0	19130	19131	0	0	0	0	19132	19133	0	19134	19135	19136	19137	19138	0	19139	19140	0	19141	0	19142	19143	19144	19145	19146	0	0	0	19147	0	19148	0	0	0	0	19149	19150	19151	0	19152	0	0	0	0	0	19153	0	19154	19155	0	0	19156	0	0	19157	19158	19159	19160	19161	19162	0	19163	19164	0	0	19165	19166	19167	19168	19169	0	0	19170	19171	19172	0	0	0	19173	19174	0	19175	19176	19177	19178	19179	19180	19181	19182	19183	19184	19185	0	19186	0	19187	19188	19189	19190	0	0	19191	19192	0	19193	19194	19195	19196	0	19197	19198	0	19199	0	19200	19201	0	19202	19203	0	0	19204	0	19205	0	19206	0	19207	0	19208	19209	19210	0	0	19211	0	0	19212	19213	0	19214	19215	19216	19217	0	19218	19219	19220	19221	0	0	0	0	0	19222	0	0	19223	0	19224	19225	19226	0	0	0	19227	0	19228	19229	
19230	19231	0	19232	19233	0	0	0	19234	19235	19236	0	19237	19238	19239	0	19240	19241	0	0	19242	19243	19244	19245	19246	19247	19248	19249	0	19250	0	19251	0	0	0	19252	0	19253	0	0	19254	19255	0	19256	0	19257	0	19258	0	0	19259	0	0	0	0	19260	19261	0	19262	0	0	0	19263	0	19264	19265	0	19266	0	0	19267	0	0	0	19268	0	19269	19270	0	19271	0	0	0	19272	19273	19274	0	19275	19276	19277	19278	0	0	0	0	19279	19280	19281	19282	19283	19284	0	19285	19286	19287	19288	0	19289	19290	0	19291	0	0	19292	0	19293	19294	19295	0	19296	0	19297	19298	0	0	0	19299	19300	0	19301	0	0	19302	19303	0	19304	0	0	19305	19306	0	19307	19308	0	19309	19310	19311	19312	19313	19314	19315	19316	0	0	0	19317	19318	19319	0	19320	19321	19322	0	0	19323	0	19324	0	0	19325	0	19326	19327	19328	19329	19330	19331	19332	0	0	0	19333	19334	19335	19336	0	19337	0	0	0	19338	0	19339	0	19340	0	0	19341	19342	19343	19344	0	19345	19346	0	19347	19348	19349	19350	19351	19352	19353	19354	0	0	0	0	19355	0	0	19356	0	0	19357	19358	0	19359	19360	19361	0	19362	0	0	19363	19364	19365	19366	19367	19368	0	0	0	0	0	19369	0	19370	0	0	0	19371	19372	19373	0	0	19374	0	19375	0	19376	19377	19378	19379	0	19380	0	0	0	19381	0	0	19382	19383	19384	0	19385	0	19386	0	0	0	19387	19388	19389	19390	19391	19392	19393	
0	19394	0	19395	19396	0	0	19397	19398	19399	0	0	19400	0	19401	19402	0	0	0	19403	0	19404	0	19405	0	19406	19407	0	0	0	19408	0	0	0	0	0	19409	0	0	0	19410	19411	0	19412	19413	19414	0	0	0	19415	19416	0	19417	19418	19419	19420	19421	19422	19423	19424	0	0	19425	19426	0	19427	19428	0	0	0	0	19429	19430	0	19431	19432	19433	19434	19435	19436	0	0	0	19437	19438	19439	0	19440	19441	0	0	19442	0	0	19443	19444	19445	19446	19447	0	19448	19449	0	19450	19451	19452	19453	19454	0	0	0	0	19455	0	19456	0	19457	19458	19459	19460	19461	19462	0	0	19463	19464	0	19465	19466	0	19467	0	0	0	19468	0	0	19469	19470	19471	19472	19473	19474	0	0	0	19475	19476	19477	0	0	19478	19479	19480	0	19481	19482	19483	0	19484	19485	19486	19487	19488	19489	19490	0	19491	0	0	19492	19493	0	0	0	19494	19495	19496	19497	19498	0	0	0	19499	19500	0	0	19501	0	19502	19503	19504	0	19505	0	0	19506	19507	19508	19509	19510	0	19511	0	19512	19513	19514	19515	19516	0	0	19517	0	0	19518	0	19519	19520	0	19521	19522	0	0	19523	19524	19525	19526	19527	19528	19529	0	19530	0	19531	19532	0	19533	19534	19535	19536	0	19537	19538	0	19539	0	19540	19541	19542	0	19543	19544	19545	0	19546	0	19547	19548	19549	0	0	19550	0	19551	0	19552	19553	0	19554	19555	0	19556	0	19557	19558	19559	0	19560	0	19561	0	0	0	19562	0	0	19563	19564	
19565	0	19566	19567	19568	19569	19570	19571	19572	19573	19574	0	19575	19576	19577	0	19578	19579	19580	0	19581	19582	19583	19584	19585	19586	0	19587	19588	19589	0	0	19590	19591	19592	19593	0	19594	0	19595	0	0	0	0	0	19596	19597	19598	19599	0	0	0	19600	0	19601	0	19602	19603	19604	19605	19606	0	0	19607	0	19608	19609	19610	19611	19612	19613	19614	0	0	0	19615	19616	19617	19618	0	19619	19620	0	19621	19622	0	19623	19624	19625	0	0	19626	0	19627	19628	19629	19630	19631	0	19632	0	0	0	19633	19634	19635	19636	0	0	19637	0	19638	0	19639	0	0	19640	19641	0	19642	0	0	19643	0	0	0	0	0	19644	19645	0	19646	19647	19648	19649	19650	19651	19652	19653	0	19654	19655	19656	0	0	19657	19658	0	19659	0	0	0	0	0	19660	0	19661	0	0	0	19662	0	0	19663	19664	0	0	0	0	19665	0	0	19666	19667	19668	19669	19670	19671	19672	0	0	19673	0	19674	19675	19676	19677	19678	19679	19680	0	19681	0	19682	19683	0	0	0	0	19684	19685	19686	0	19687	0	19688	19689	19690	19691	19692	19693	19694	19695	19696	19697	0	0	19698	19699	19700	19701	19702	19703	19704	19705	0	0	0	19706	19707	19708	0	0	0	0	0	0	19709	19710	0	19711	0	0	19712	19713	0	19714	0	0	19715	19716	19717	19718	19719	19720	19721	19722	0	19723	0	0	0	19724	19725	19726	19727	19728	19729	19730	19731	0	0	19732	19733	0	0	19734	19735	19736	19737	19738	19739	0	19740	0	19741	19742	19743	
19744	19745	19746	0	0	19747	0	0	19748	19749	19750	0	19751	0	0	19752	0	19753	0	19754	0	19755	0	0	19756	19757	0	19758	0	0	0	19759	19760	19761	19762	19763	19764	19765	0	19766	19767	19768	0	19769	19770	19771	0	0	19772	0	0	19773	0	0	0	19774	0	19775	19776	19777	19778	0	0	19779	19780	19781	19782	0	19783	19784	0	19785	19786	19787	0	0	0	19788	19789	19790	19791	19792	19793	19794	0	19795	19796	19797	19798	19799	19800	0	0	0	19801	0	19802	0	0	19803	0	0	0	19804	0	19805	19806	19807	19808	19809	0	0	19810	19811	19812	0	0	19813	19814	19815	19816	0	0	0	0	0	0	19817	19818	19819	0	19820	0	19821	0	19822	0	19823	19824	0	0	19825	19826	19827	0	19828	19829	0	19830	0	0	0	0	0	0	19831	0	19832	0	0	0	0	0	19833	19834	0	19835	19836	0	19837	0	0	19838	0	19839	0	19840	19841	19842	0	0	19843	19844	0	19845	0	19846	0	19847	0	19848	0	19849	19850	0	0	19851	0	19852	19853	19854	0	19855	19856	19857	0	0	0	0	19858	0	19859	19860	19861	0	0	19862	19863	19864	0	19865	19866	19867	19868	0	19869	19870	19871	0	19872	0	0	19873	0	0	19874	0	0	19875	0	19876	0	19877	19878	0	19879	0	0	19880	19881	0	0	0	0	0	0	19882	19883	19884	0	19885	0	19886	0	0	19887	0	0	19888	19889	19890	0	19891	0	19892	0	0	19893	0	0	19894	0	19895	19896	0	19897	19898	19899	
19900	19901	19902	19903	19904	19905	19906	19907	19908	19909	19910	0	19911	0	19912	0	0	19913	19914	0	19915	0	19916	0	19917	0	0	19918	19919	19920	19921	0	0	0	19922	19923	19924	0	19925	19926	19927	19928	19929	19930	0	0	19931	0	0	19932	19933	19934	0	19935	19936	19937	0	19938	19939	19940	19941	19942	19943	0	0	19944	19945	19946	0	19947	19948	19949	0	19950	19951	19952	19953	0	0	19954	0	0	19955	0	19956	0	0	0	19957	19958	0	0	19959	19960	19961	0	0	19962	0	19963	19964	0	19965	19966	19967	0	19968	19969	19970	0	19971	19972	0	0	0	0	19973	0	19974	19975	19976	19977	19978	0	0	19979	19980	19981	19982	19983	19984	0	0	19985	19986	0	0	19987	0	19988	19989	19990	19991	19992	19993	19994	19995	0	19996	0	19997	19998	19999	20000	20001	20002	20003	0	0	20004	20005	20006	0	0	0	0	20007	0	20008	20009	0	20010	20011	20012	20013	0	0	0	20014	20015	20016	0	20017	20018	20019	0	20020	20021	0	20022	0	20023	0	20024	0	20025	20026	0	0	20027	20028	20029	0	20030	20031	20032	0	20033	20034	20035	20036	20037	0	20038	20039	20040	20041	20042	20043	0	20044	20045	20046	0	20047	20048	0	20049	0	20050	0	20051	20052	20053	20054	20055	20056	0	20057	20058	20059	0	20060	20061	20062	0	20063	0	0	20064	20065	20066	0	20067	20068	20069	20070	20071	20072	0	20073	0	0	20074	20075	20076	20077	20078	0	20079	20080	20081	20082	20083	20084	0	20085	20086	20087	20088	0	20089	0	20090	0	20091	20092	20093	
0	20094	0	0	20095	20096	0	20097	0	20098	20099	20100	20101	0	20102	20103	20104	20105	0	0	20106	20107	20108	20109	20110	0	0	0	20111	0	20112	0	20113	20114	20115	0	20116	0	20117	20118	20119	0	0	20120	0	20121	0	20122	0	20123	0	20124	20125	0	20126	0	0	20127	0	20128	20129	20130	20131	20132	20133	0	0	20134	0	0	20135	20136	20137	20138	20139	20140	20141	0	20142	20143	20144	20145	20146	20147	0	20148	20149	20150	20151	20152	0	20153	0	0	0	20154	20155	20156	20157	0	0	0	20158	20159	20160	20161	20162	0	20163	0	0	20164	20165	20166	0	0	20167	20168	20169	0	20170	20171	0	20172	20173	20174	0	20175	20176	20177	20178	0	20179	0	0	20180	20181	20182	0	20183	20184	20185	20186	0	20187	20188	20189	0	0	0	20190	0	20191	0	20192	20193	20194	0	0	20195	20196	20197	20198	0	20199	0	20200	0	0	0	20201	20202	0	20203	0	0	0	0	20204	20205	20206	20207	20208	0	20209	0	20210	20211	20212	20213	0	0	20214	20215	0	0	20216	0	20217	0	20218	0	20219	20220	20221	0	20222	20223	20224	20225	20226	0	0	20227	20228	20229	20230	20231	0	20232	20233	20234	0	0	20235	0	20236	20237	0	20238	0	0	20239	0	20240	0	20241	20242	0	0	0	0	20243	20244	20245	0	0	20246	20247	20248	0	20249	0	20250	20251	20252	20253	20254	20255	20256	20257	0	0	20258	20259	20260	20261	0	0	0	20262	20263	20264	20265	0	20266	0	20267	20268	0	20269	0	20270	20271	0	20272	20273	20274	
20275	0	0	20276	20277	20278	20279	0	20280	0	20281	20282	20283	0	20284	20285	20286	20287	20288	0	20289	0	20290	20291	20292	0	20293	20294	20295	0	0	0	20296	20297	0	20298	0	20299	20300	0	20301	20302	20303	0	20304	0	0	20305	0	20306	20307	20308	0	0	0	20309	0	0	20310	0	0	0	20311	20312	0	20313	20314	20315	20316	20317	20318	20319	0	20320	0	20321	0	0	20322	0	20323	0	0	0	20324	20325	20326	20327	0	20328	0	20329	0	0	0	20330	20331	0	20332	20333	0	0	0	20334	20335	20336	20337	0	20338	20339	20340	20341	0	0	0	20342	20343	20344	0	20345	0	0	20346	0	20347	0	20348	20349	20350	0	20351	20352	0	0	20353	20354	0	20355	20356	0	20357	20358	20359	0	0	20360	20361	0	0	0	0	20362	20363	20364	20365	0	20366	20367	20368	0	0	20369	0	0	0	0	20370	20371	20372	20373	0	20374	20375	0	20376	0	20377	20378	0	20379	20380	20381	20382	0	20383	20384	20385	0	0	20386	20387	20388	20389	0	20390	0	20391	0	20392	20393	20394	0	20395	20396	0	20397	0	0	20398	0	20399	20400	20401	20402	20403	20404	20405	20406	0	20407	0	0	20408	20409	20410	20411	20412	0	0	20413	20414	20415	20416	20417	20418	20419	0	0	0	0	0	20420	20421	0	0	0	0	0	20422	0	20423	20424	0	0	20425	0	20426	20427	0	0	0	20428	20429	20430	0	0	0	20431	20432	20433	0	20434	0	0	20435	20436	0	20437	0	20438	20439	20440	20441	20442	20443	20444	0	20445	
20446	0	20447	20448	20449	20450	0	20451	20452	0	20453	20454	20455	0	0	20456	0	20457	0	20458	20459	20460	20461	20462	0	20463	20464	20465	20466	0	0	20467	20468	0	20469	0	0	0	20470	0	0	20471	20472	20473	20474	0	20475	20476	0	0	0	20477	0	20478	20479	0	20480	0	20481	0	0	0	20482	0	0	20483	20484	0	0	20485	20486	20487	20488	0	0	20489	20490	0	0	0	0	0	0	0	20491	20492	20493	20494	20495	20496	20497	20498	20499	20500	0	20501	20502	20503	20504	0	0	20505	20506	20507	20508	0	20509	0	20510	20511	0	20512	20513	20514	20515	20516	20517	20518	0	20519	20520	20521	20522	0	20523	20524	20525	0	0	0	20526	0	0	20527	20528	0	20529	0	20530	20531	0	20532	20533	20534	20535	20536	20537	20538	20539	20540	0	20541	20542	20543	20544	20545	0	0	20546	0	20547	20548	20549	0	20550	0	20551	20552	20553	20554	20555	20556	20557	20558	20559	0	20560	20561	20562	0	20563	20564	0	0	0	20565	20566	20567	20568	20569	0	20570	0	20571	0	0	20572	0	20573	20574	20575	20576	20577	0	20578	0	20579	20580	0	0	20581	20582	0	0	20583	20584	0	20585	20586	0	0	20587	0	20588	20589	20590	20591	0	0	0	0	20592	0	20593	20594	0	20595	20596	0	20597	20598	0	20599	20600	0	0	20601	0	0	0	20602	0	20603	20604	0	20605	20606	20607	20608	0	20609	20610	20611	20612	0	20613	20614	0	20615	20616	0	20617	20618	20619	0	20620	20621	20622	0	0	20623	0	0	0	20624	0	20625	20626	
20627	20628	0	0	0	20629	20630	20631	20632	20633	20634	20635	0	20636	20637	0	0	20638	0	20639	20640	20641	20642	0	0	0	0	20643	0	20644	20645	0	0	0	20646	20647	0	0	0	0	20648	20649	0	20650	20651	20652	0	20653	0	0	20654	20655	0	0	20656	0	20657	0	20658	0	20659	20660	20661	20662	20663	20664	20665	0	0	20666	0	20667	20668	20669	0	20670	20671	20672	20673	20674	0	20675	0	20676	20677	20678	0	20679	20680	0	0	0	0	0	20681	20682	0	20683	20684	0	20685	20686	0	20687	20688	0	20689	20690	0	20691	0	20692	20693	0	0	20694	20695	20696	0	20697	0	20698	0	0	0	20699	20700	20701	0	0	20702	0	0	0	0	20703	20704	20705	20706	0	20707	0	0	20708	20709	20710	0	20711	0	20712	0	0	20713	0	20714	20715	20716	20717	20718	0	20719	20720	20721	0	0	20722	0	20723	0	0	20724	20725	20726	0	0	0	20727	0	20728	0	0	20729	0	20730	20731	20732	0	0	20733	0	20734	20735	20736	20737	20738	0	20739	0	20740	0	20741	20742	20743	0	20744	20745	0	20746	20747	0	0	0	20748	0	20749	0	20750	20751	20752	0	20753	20754	20755	20756	0	0	20757	20758	20759	0	20760	20761	20762	0	0	0	0	20763	20764	20765	0	0	20766	20767	20768	0	20769	20770	20771	20772	20773	0	0	20774	0	20775	20776	0	20777	20778	20779	20780	0	20781	20782	20783	0	20784	0	20785	0	20786	20787	20788	0	0	20789	20790	20791	20792	0	20793	0	20794	0	20795	20796	0	
0	20797	20798	20799	0	20800	20801	20802	20803	20804	20805	0	20806	20807	0	20808	20809	20810	20811	0	0	20812	0	0	0	20813	20814	20815	20816	20817	0	0	20818	0	0	20819	20820	0	0	20821	0	0	0	0	20822	0	0	20823	20824	0	20825	0	20826	0	0	0	20827	0	20828	0	20829	0	0	0	0	0	20830	20831	20832	0	20833	0	20834	20835	20836	0	0	0	20837	20838	20839	0	20840	20841	20842	20843	0	20844	20845	20846	20847	20848	20849	20850	20851	20852	20853	0	0	20854	0	20855	20856	20857	20858	20859	20860	0	0	20861	0	0	20862	20863	0	0	20864	20865	20866	0	0	20867	20868	20869	0	0	0	20870	20871	0	0	20872	0	20873	20874	20875	20876	20877	0	20878	0	20879	0	0	20880	20881	0	0	20882	0	0	0	0	0	0	20883	20884	0	0	0	20885	20886	20887	20888	20889	20890	0	20891	20892	0	20893	20894	20895	20896	20897	0	20898	0	20899	20900	20901	20902	0	20903	0	20904	0	20905	20906	0	0	20907	20908	20909	20910	0	0	20911	0	0	0	0	20912	0	20913	20914	20915	0	20916	0	20917	20918	20919	20920	0	20921	0	0	20922	0	0	0	20923	20924	0	20925	0	20926	20927	0	0	20928	20929	20930	0	20931	20932	20933	0	0	0	0	20934	20935	0	0	20936	20937	20938	20939	0	20940	0	20941	20942	0	20943	20944	20945	20946	20947	0	20948	20949	0	0	0	0	0	0	0	0	20950	0	0	0	20951	0	0	20952	20953	0	20954	20955	0	0	0	20956	
20957	20958	0	20959	20960	0	0	20961	0	20962	20963	20964	20965	20966	0	20967	20968	20969	0	20970	0	20971	20972	20973	0	20974	20975	20976	0	0	20977	0	20978	20979	20980	0	20981	20982	20983	20984	20985	0	0	0	0	0	20986	20987	20988	0	20989	20990	0	20991	0	20992	20993	20994	0	20995	20996	0	20997	20998	20999	21000	0	21001	21002	21003	0	21004	0	0	21005	21006	0	0	0	21007	21008	21009	21010	21011	21012	21013	0	21014	0	0	21015	0	21016	0	0	21017	21018	0	0	21019	0	0	0	0	21020	21021	0	0	21022	21023	0	21024	21025	21026	21027	0	0	0	0	0	21028	0	21029	21030	0	0	21031	21032	21033	0	0	21034	21035	0	21036	0	21037	21038	21039	21040	0	21041	21042	0	21043	21044	0	0	0	0	0	0	0	21045	0	0	21046	0	0	21047	21048	0	21049	21050	0	0	21051	21052	0	0	0	0	21053	0	21054	21055	21056	0	0	21057	21058	0	21059	21060	21061	21062	21063	21064	21065	21066	21067	0	0	21068	21069	21070	21071	21072	21073	21074	21075	0	0	21076	0	21077	21078	21079	0	0	21080	21081	21082	21083	21084	0	0	0	0	21085	0	21086	21087	0	21088	21089	0	21090	0	21091	21092	21093	21094	0	21095	21096	21097	0	21098	0	0	0	21099	21100	0	21101	0	0	0	21102	21103	21104	21105	0	21106	0	0	0	21107	0	0	21108	0	0	21109	21110	0	21111	21112	21113	0	0	0	0	21114	0	0	0	21115	21116	0	0	0	0	21117	0	0	21118	
21119	0	21120	21121	0	21122	21123	0	21124	0	21125	21126	21127	21128	0	21129	21130	21131	21132	0	0	21133	0	0	0	0	21134	0	21135	0	21136	21137	21138	21139	21140	21141	21142	21143	0	0	21144	0	21145	0	0	0	0	21146	21147	21148	0	21149	21150	21151	0	21152	0	21153	21154	0	21155	21156	21157	21158	21159	21160	0	21161	0	21162	21163	0	0	0	21164	0	21165	21166	21167	21168	0	0	21169	0	0	0	0	21170	21171	0	21172	21173	21174	0	21175	0	21176	0	21177	0	21178	21179	21180	21181	0	0	0	0	0	0	21182	21183	21184	21185	0	0	21186	21187	0	21188	21189	0	21190	21191	21192	0	21193	21194	0	21195	0	21196	0	0	21197	21198	21199	21200	21201	0	21202	21203	21204	0	21205	21206	0	21207	21208	21209	0	21210	0	0	0	0	21211	0	0	0	21212	21213	21214	0	21215	21216	0	21217	21218	0	21219	21220	0	21221	21222	21223	21224	21225	0	21226	0	21227	0	0	0	21228	21229	21230	21231	0	0	0	21232	21233	0	0	0	21234	21235	0	0	21236	21237	21238	21239	0	0	0	0	0	21240	21241	0	0	0	21242	0	0	21243	21244	21245	0	0	0	0	21246	0	0	21247	21248	0	21249	0	21250	21251	0	21252	21253	21254	21255	0	0	21256	21257	21258	21259	0	0	21260	0	21261	21262	0	21263	21264	0	0	0	21265	0	0	21266	0	0	0	0	21267	0	0	21268	21269	0	21270	21271	21272	21273	0	0	21274	0	0	0	21275	0	0	0	21276	0	
0	21277	21278	21279	21280	21281	21282	0	21283	0	0	0	21284	21285	21286	0	0	0	21287	0	0	21288	0	0	0	0	21289	21290	0	0	21291	21292	21293	0	21294	21295	0	21296	21297	21298	21299	0	21300	0	21301	21302	0	21303	21304	21305	21306	21307	21308	21309	21310	0	21311	0	0	21312	21313	21314	21315	21316	21317	21318	21319	21320	21321	0	21322	21323	21324	21325	21326	0	21327	0	21328	21329	0	0	0	0	0	0	21330	21331	0	0	21332	21333	21334	21335	21336	21337	21338	0	21339	21340	21341	0	21342	21343	21344	21345	0	21346	0	0	0	21347	0	0	0	0	0	0	0	21348	21349	0	0	0	0	21350	21351	0	0	21352	0	0	21353	0	21354	21355	21356	21357	21358	21359	21360	21361	0	21362	21363	21364	21365	0	0	21366	21367	21368	21369	21370	0	0	0	21371	0	21372	0	0	21373	0	0	0	0	0	0	21374	21375	0	21376	21377	21378	0	0	21379	21380	0	21381	21382	21383	21384	21385	21386	21387	21388	21389	21390	21391	21392	21393	0	21394	0	0	21395	21396	21397	21398	21399	0	21400	21401	0	21402	0	0	21403	0	21404	21405	0	21406	0	21407	21408	0	0	21409	21410	0	21411	21412	0	21413	0	21414	0	21415	21416	21417	0	21418	21419	21420	0	0	0	21421	0	21422	21423	21424	21425	21426	0	0	21427	0	21428	0	21429	0	0	21430	21431	21432	0	21433	0	21434	21435	21436	0	0	0	21437	21438	21439	0	0	0	21440	21441	21442	21443	21444	21445	0	21446	21447	21448	21449	21450	0	21451	
21452	21453	21454	21455	0	0	0	21456	0	21457	0	0	21458	21459	0	21460	21461	0	21462	21463	21464	0	21465	21466	0	21467	0	0	21468	21469	0	21470	0	21471	0	0	21472	0	21473	0	21474	21475	0	0	21476	21477	21478	21479	0	21480	0	21481	21482	21483	21484	0	21485	21486	0	21487	0	21488	21489	21490	0	21491	0	0	21492	21493	21494	21495	21496	0	21497	21498	21499	21500	21501	21502	0	21503	21504	21505	0	0	21506	21507	0	0	21508	0	21509	0	21510	0	21511	21512	21513	0	21514	0	21515	0	21516	21517	0	21518	21519	0	0	21520	21521	0	0	0	21522	0	0	21523	0	21524	0	0	0	0	21525	21526	0	21527	21528	21529	21530	21531	0	21532	21533	21534	21535	21536	21537	0	21538	0	0	0	21539	0	0	21540	0	21541	21542	21543	21544	0	21545	0	0	0	0	21546	0	0	21547	21548	0	21549	21550	21551	0	21552	21553	0	0	0	0	0	21554	0	21555	21556	0	0	0	0	21557	21558	21559	21560	0	0	21561	0	21562	21563	21564	0	21565	21566	21567	21568	21569	0	21570	21571	0	21572	21573	0	21574	0	0	0	0	21575	21576	0	21577	21578	21579	21580	0	21581	0	21582	0	21583	0	21584	21585	21586	21587	21588	0	0	21589	21590	0	0	21591	0	0	0	21592	0	21593	0	21594	0	0	0	21595	0	21596	21597	21598	21599	0	21600	21601	21602	21603	0	0	21604	21605	21606	0	21607	0	0	21608	21609	0	21610	0	21611	0	21612	21613	21614	21615	0	0	21616	21617	21618	
21619	0	0	21620	21621	0	21622	21623	21624	21625	21626	21627	21628	0	0	21629	21630	21631	0	21632	21633	21634	0	21635	0	0	0	21636	0	0	21637	21638	0	21639	21640	21641	0	21642	21643	21644	21645	0	21646	21647	21648	0	0	21649	21650	21651	0	21652	0	0	0	21653	21654	21655	0	21656	21657	0	21658	21659	21660	0	21661	21662	21663	21664	0	21665	0	21666	21667	21668	0	0	0	21669	21670	21671	21672	21673	0	21674	21675	21676	0	21677	0	21678	0	0	21679	21680	21681	21682	21683	0	0	21684	21685	0	0	21686	21687	0	21688	0	0	0	0	0	21689	21690	21691	21692	21693	21694	21695	0	21696	21697	0	21698	0	21699	21700	0	21701	21702	21703	21704	21705	21706	0	21707	0	0	21708	0	21709	0	21710	21711	0	0	21712	21713	0	0	0	0	21714	21715	21716	21717	0	21718	0	21719	21720	0	21721	0	21722	0	21723	21724	0	21725	21726	0	0	0	21727	21728	21729	0	21730	21731	21732	21733	0	21734	21735	21736	21737	21738	0	21739	0	21740	21741	21742	0	0	0	21743	21744	0	0	21745	21746	0	21747	21748	21749	21750	0	0	21751	21752	0	21753	0	0	21754	0	21755	0	0	21756	21757	21758	21759	21760	0	21761	21762	21763	21764	21765	0	0	21766	0	21767	21768	21769	21770	0	21771	21772	0	21773	21774	21775	0	21776	21777	21778	0	21779	0	21780	0	0	21781	21782	0	21783	21784	21785	21786	0	21787	0	21788	21789	0	21790	0	21791	21792	0	0	21793	21794	21795	21796	21797	21798	0	0	21799	21800	
21801	0	0	0	21802	21803	0	21804	21805	21806	0	0	21807	21808	21809	0	0	21810	0	0	21811	0	21812	0	21813	21814	21815	0	0	21816	0	0	21817	0	21818	21819	0	21820	21821	21822	21823	21824	0	21825	21826	21827	21828	0	21829	0	0	21830	21831	21832	21833	21834	21835	21836	21837	21838	21839	0	0	21840	21841	21842	0	0	21843	0	21844	0	21845	21846	0	0	21847	21848	21849	21850	21851	0	21852	21853	21854	21855	21856	21857	21858	21859	0	21860	0	0	0	21861	0	21862	0	0	21863	0	0	21864	0	21865	0	21866	0	21867	0	0	21868	21869	21870	0	21871	21872	0	0	21873	21874	21875	21876	21877	21878	0	0	21879	21880	21881	21882	21883	0	21884	0	21885	21886	0	21887	0	0	21888	21889	21890	0	21891	21892	0	0	21893	21894	21895	0	21896	21897	21898	0	0	21899	21900	21901	21902	21903	21904	0	21905	0	21906	0	21907	0	0	0	21908	21909	0	21910	0	21911	0	21912	0	0	0	21913	21914	21915	21916	0	21917	0	21918	0	0	21919	21920	0	21921	0	21922	0	21923	21924	21925	21926	0	0	0	0	0	21927	21928	21929	21930	21931	0	21932	0	21933	21934	21935	21936	0	21937	21938	21939	21940	0	21941	21942	21943	21944	0	21945	0	0	21946	0	0	0	21947	21948	21949	21950	21951	21952	21953	0	0	21954	0	21955	21956	0	21957	21958	21959	21960	0	0	21961	0	21962	0	0	21963	0	21964	0	21965	0	0	21966	0	21967	21968	0	0	21969	0	0	0	0	21970	0	0	21971	
0	0	0	0	21972	21973	21974	0	21975	0	0	0	0	21976	0	21977	0	21978	0	0	21979	0	0	21980	21981	21982	21983	21984	21985	21986	21987	0	21988	21989	21990	0	0	21991	21992	0	21993	0	21994	21995	21996	21997	0	0	0	0	21998	0	0	21999	22000	22001	22002	22003	22004	22005	0	22006	22007	22008	0	22009	0	0	22010	22011	22012	0	22013	0	22014	0	22015	22016	22017	22018	0	22019	0	22020	0	22021	0	22022	22023	22024	0	22025	0	22026	0	22027	0	22028	22029	22030	0	22031	22032	0	0	22033	0	0	0	22034	0	22035	22036	0	22037	0	22038	22039	22040	22041	22042	0	22043	0	0	22044	22045	0	22046	22047	0	22048	22049	0	22050	0	22051	0	0	22052	22053	22054	22055	22056	22057	0	0	22058	0	22059	0	22060	22061	22062	0	22063	22064	0	0	0	0	22065	22066	0	0	0	22067	0	22068	22069	0	22070	22071	22072	0	0	22073	22074	22075	0	22076	22077	22078	0	22079	22080	0	0	22081	0	22082	22083	22084	22085	22086	22087	0	22088	22089	22090	22091	22092	22093	22094	22095	22096	22097	22098	0	0	22099	22100	0	22101	0	22102	22103	22104	22105	22106	0	0	22107	0	0	22108	22109	0	0	0	0	22110	0	0	22111	0	22112	22113	0	22114	0	22115	0	0	0	0	22116	0	22117	22118	0	22119	0	22120	0	22121	22122	22123	0	22124	0	22125	0	0	22126	22127	22128	0	22129	0	22130	0	22131	22132	22133	22134	22135	22136	22137	22138	0	22139	22140	22141	22142	0	22143	22144	
0	22145	0	22146	22147	22148	22149	22150	22151	0	22152	0	0	0	22153	0	22154	0	22155	22156	0	0	22157	0	22158	22159	0	22160	22161	22162	22163	0	22164	0	22165	0	22166	22167	0	0	0	22168	22169	22170	22171	0	22172	22173	0	22174	0	22175	22176	0	22177	0	22178	22179	22180	22181	0	0	22182	0	22183	0	22184	0	22185	22186	0	22187	22188	22189	22190	22191	0	0	0	22192	22193	0	0	0	0	22194	0	22195	22196	0	0	22197	0	22198	22199	22200	0	22201	0	22202	0	0	0	22203	22204	22205	0	22206	22207	22208	0	0	22209	22210	0	0	0	0	0	22211	0	22212	0	0	0	22213	0	22214	0	0	22215	0	22216	0	0	0	22217	0	0	0	0	0	22218	22219	0	22220	22221	0	0	0	22222	22223	0	0	0	0	22224	22225	22226	22227	22228	22229	22230	0	22231	22232	0	22233	22234	0	22235	22236	0	0	0	22237	0	0	22238	0	0	0	22239	0	22240	22241	0	22242	22243	22244	22245	0	0	22246	0	0	0	0	0	22247	22248	22249	22250	0	22251	0	22252	22253	22254	22255	0	0	22256	0	22257	22258	22259	22260	22261	22262	22263	22264	22265	22266	22267	22268	22269	22270	0	22271	0	22272	0	22273	22274	22275	22276	22277	22278	0	0	22279	22280	22281	22282	22283	0	22284	0	0	22285	0	0	0	22286	0	22287	22288	0	22289	22290	22291	0	0	22292	22293	22294	0	22295	22296	22297	0	0	22298	22299	22300	0	0	22301	22302	22303	22304	0	22305	22306	0	22307	22308	
0	0	22309	0	22310	0	0	22311	22312	22313	22314	0	22315	22316	22317	22318	22319	22320	22321	22322	0	22323	22324	22325	0	0	22326	22327	22328	22329	22330	0	0	22331	0	0	22332	22333	22334	22335	22336	22337	22338	22339	22340	22341	0	22342	22343	22344	22345	0	0	0	22346	0	22347	22348	22349	0	0	22350	0	22351	22352	22353	22354	22355	22356	0	22357	22358	22359	22360	0	22361	22362	0	22363	0	22364	22365	0	0	0	0	22366	22367	22368	22369	22370	22371	22372	22373	22374	0	0	0	22375	22376	22377	0	22378	0	22379	0	22380	22381	0	22382	22383	22384	0	0	22385	22386	22387	22388	22389	0	0	22390	22391	22392	0	0	0	22393	22394	22395	0	0	22396	0	22397	22398	22399	22400	22401	22402	0	0	0	0	0	22403	22404	0	22405	0	0	22406	22407	0	22408	0	0	22409	22410	22411	0	22412	0	22413	22414	22415	22416	0	0	0	22417	0	22418	22419	22420	22421	22422	22423	22424	22425	22426	22427	22428	22429	22430	22431	22432	22433	22434	0	22435	22436	22437	22438	22439	22440	22441	22442	0	0	22443	22444	22445	0	0	0	0	22446	0	22447	22448	22449	22450	0	0	22451	22452	22453	22454	0	22455	0	22456	22457	0	0	22458	22459	22460	22461	22462	22463	22464	22465	22466	0	22467	0	22468	22469	0	0	0	0	22470	22471	0	0	22472	22473	22474	22475	22476	0	0	0	0	22477	22478	0	0	22479	0	22480	0	22481	0	0	0	0	22482	0	0	22483	22484	0	22485	22486	0	22487	0	0	0	22488	0	22489	22490	22491	
0	0	22492	0	0	0	22493	0	0	0	22494	22495	0	22496	0	22497	22498	22499	22500	22501	22502	22503	0	0	0	22504	22505	22506	22507	22508	22509	22510	0	22511	0	22512	22513	0	22514	22515	22516	22517	22518	22519	22520	22521	22522	22523	0	22524	0	0	0	0	22525	22526	22527	22528	0	22529	0	0	22530	22531	22532	22533	22534	22535	0	22536	0	22537	22538	22539	22540	22541	22542	22543	22544	0	22545	22546	0	0	0	22547	22548	22549	0	0	22550	0	22551	0	22552	22553	22554	22555	0	22556	22557	22558	22559	22560	22561	0	22562	22563	22564	22565	0	22566	22567	22568	22569	0	0	22570	22571	22572	22573	0	22574	22575	0	22576	22577	22578	0	0	0	22579	0	22580	0	0	22581	0	0	0	22582	22583	22584	22585	22586	22587	22588	0	22589	22590	22591	22592	0	0	0	22593	22594	22595	22596	0	22597	0	0	22598	22599	0	22600	22601	22602	22603	0	0	22604	22605	22606	22607	22608	22609	22610	0	22611	22612	22613	0	22614	0	22615	0	22616	0	0	0	22617	0	22618	22619	0	22620	0	22621	22622	22623	22624	22625	0	22626	0	22627	22628	22629	22630	0	22631	0	0	22632	0	22633	0	22634	22635	0	22636	0	22637	0	22638	22639	22640	0	22641	0	0	0	0	22642	22643	22644	22645	0	0	22646	22647	22648	22649	22650	22651	22652	22653	22654	0	0	22655	0	22656	0	22657	22658	22659	0	22660	0	0	0	22661	0	22662	22663	22664	0	0	22665	22666	22667	22668	0	0	0	22669	0	22670	22671	0	0	0	22672	0	22673	
0	0	0	22674	22675	22676	22677	0	22678	0	0	0	22679	0	0	0	0	22680	22681	22682	22683	0	0	0	22684	22685	22686	22687	22688	22689	0	22690	22691	22692	22693	22694	22695	0	0	0	22696	22697	0	22698	22699	0	22700	22701	0	22702	22703	22704	22705	22706	22707	0	0	22708	22709	22710	0	0	0	22711	22712	22713	22714	22715	22716	22717	22718	22719	22720	22721	0	22722	0	0	22723	22724	22725	22726	22727	22728	22729	22730	22731	0	0	22732	22733	0	22734	22735	22736	0	0	22737	22738	0	22739	0	22740	22741	0	22742	0	0	0	22743	0	22744	22745	22746	22747	22748	0	0	22749	0	0	22750	0	22751	0	22752	22753	22754	22755	22756	22757	0	0	22758	0	0	22759	22760	0	22761	22762	0	22763	22764	0	0	22765	22766	22767	22768	0	22769	22770	22771	0	0	0	22772	22773	22774	22775	22776	0	22777	22778	22779	0	22780	0	22781	22782	0	22783	22784	22785	0	0	0	22786	22787	22788	0	22789	0	0	22790	22791	0	0	0	22792	22793	22794	22795	22796	0	0	0	22797	22798	0	22799	0	0	0	0	22800	0	0	22801	0	0	0	22802	22803	0	0	0	22804	22805	22806	0	0	22807	22808	0	0	0	0	22809	22810	22811	22812	0	22813	22814	22815	22816	22817	0	22818	0	22819	22820	22821	0	22822	0	0	0	0	0	22823	22824	22825	22826	22827	22828	0	22829	0	22830	22831	22832	22833	22834	0	0	0	22835	22836	0	22837	22838	22839	22840	22841	0	0	22842	0	22843	22844	22845	22846	0	22847	0	
22848	22849	22850	22851	22852	22853	22854	0	0	0	0	22855	22856	22857	22858	22859	22860	0	22861	0	0	22862	22863	22864	22865	0	0	22866	0	0	22867	0	22868	22869	0	0	22870	22871	0	0	22872	22873	22874	22875	0	22876	22877	0	22878	22879	0	22880	22881	22882	22883	22884	0	22885	0	0	22886	0	22887	0	0	0	0	0	0	22888	22889	0	22890	22891	22892	0	22893	22894	0	22895	0	0	0	22896	22897	22898	0	0	22899	0	0	22900	22901	0	22902	0	0	0	22903	0	22904	22905	0	22906	22907	22908	0	22909	22910	22911	22912	22913	22914	22915	22916	22917	22918	22919	22920	22921	22922	22923	0	22924	0	22925	0	22926	0	0	22927	22928	22929	0	22930	22931	22932	22933	0	22934	22935	22936	22937	22938	22939	22940	22941	0	0	22942	22943	22944	22945	22946	22947	0	22948	0	22949	22950	0	22951	22952	22953	22954	0	22955	22956	22957	22958	0	0	22959	22960	22961	0	0	22962	0	22963	0	22964	22965	22966	22967	0	22968	0	22969	0	0	22970	22971	22972	22973	22974	0	0	0	0	0	22975	22976	22977	0	22978	22979	0	22980	22981	22982	22983	22984	0	0	22985	0	22986	22987	0	22988	22989	22990	0	0	0	0	0	22991	22992	22993	22994	0	22995	22996	0	22997	0	0	0	22998	22999	0	23000	23001	23002	0	23003	0	23004	0	0	0	0	23005	23006	23007	23008	0	0	23009	23010	23011	23012	23013	23014	23015	0	23016	23017	0	23018	0	23019	23020	23021	23022	23023	0	0	0	23024	23025	0	0	0	0	23026	
23027	23028	23029	23030	0	0	23031	23032	0	23033	0	23034	0	0	23035	0	23036	0	23037	23038	23039	23040	0	23041	0	23042	23043	0	23044	23045	23046	0	23047	0	23048	23049	0	0	23050	23051	0	23052	23053	23054	0	0	23055	0	23056	0	0	23057	0	23058	23059	23060	23061	23062	0	0	0	23063	23064	23065	0	23066	23067	0	23068	23069	23070	0	23071	23072	23073	23074	23075	23076	0	0	0	0	23077	0	0	23078	23079	0	23080	23081	23082	0	23083	0	23084	23085	23086	23087	23088	23089	0	0	23090	0	23091	0	0	0	23092	23093	23094	0	0	23095	23096	23097	23098	23099	23100	0	23101	23102	23103	23104	23105	23106	23107	23108	23109	23110	23111	23112	23113	23114	0	23115	0	0	23116	23117	23118	0	23119	0	23120	23121	23122	0	23123	23124	0	23125	23126	23127	0	23128	23129	23130	23131	23132	23133	23134	23135	23136	0	0	0	23137	0	23138	23139	23140	0	0	23141	23142	0	0	23143	23144	23145	0	0	23146	23147	0	23148	23149	0	23150	0	0	0	0	23151	23152	23153	23154	0	0	23155	0	23156	23157	23158	23159	23160	23161	0	0	23162	0	23163	23164	23165	23166	23167	0	0	23168	0	0	23169	0	0	0	23170	23171	23172	23173	23174	0	0	23175	0	0	23176	0	0	0	0	23177	0	0	0	23178	0	0	23179	23180	23181	23182	23183	23184	23185	23186	23187	23188	0	0	23189	23190	0	0	23191	23192	23193	23194	23195	0	23196	0	23197	23198	23199	23200	0	23201	23202	0	0	23203	0	23204	23205	0	23206	23207	
23208	23209	0	23210	23211	23212	0	23213	23214	23215	0	23216	23217	0	0	23218	23219	23220	0	0	23221	0	0	0	23222	23223	23224	23225	0	0	0	23226	23227	23228	23229	23230	23231	0	23232	23233	0	23234	23235	23236	0	23237	23238	23239	23240	0	0	0	0	23241	23242	23243	23244	23245	23246	23247	23248	0	0	23249	23250	0	23251	23252	23253	23254	23255	0	23256	23257	23258	23259	23260	0	23261	23262	0	23263	0	23264	0	0	23265	0	0	0	23266	0	0	0	23267	23268	0	0	23269	0	23270	0	23271	23272	23273	23274	23275	23276	23277	0	23278	23279	23280	23281	0	0	23282	0	0	0	0	0	0	0	23283	0	23284	23285	23286	23287	0	23288	23289	23290	0	0	23291	0	0	23292	0	0	23293	23294	23295	23296	23297	0	0	23298	0	23299	23300	23301	0	23302	23303	0	0	23304	23305	23306	23307	23308	0	0	0	0	23309	23310	0	23311	0	0	23312	23313	23314	23315	23316	23317	23318	0	23319	0	23320	0	23321	23322	0	23323	0	23324	23325	23326	0	23327	0	23328	23329	23330	0	23331	23332	0	23333	0	0	23334	23335	0	0	23336	23337	23338	0	0	0	23339	23340	23341	0	0	23342	23343	23344	23345	0	23346	23347	23348	0	0	0	0	23349	0	23350	23351	23352	23353	23354	0	23355	23356	23357	23358	23359	0	23360	23361	23362	0	23363	23364	0	0	23365	23366	23367	0	23368	0	0	23369	23370	23371	23372	23373	23374	23375	23376	0	23377	23378	0	23379	0	23380	23381	23382	0	23383	0	23384	23385	0	0	0	
0	23386	23387	0	0	23388	0	23389	0	0	0	23390	0	23391	23392	0	0	23393	0	23394	23395	23396	23397	0	23398	0	23399	23400	23401	23402	23403	23404	23405	23406	0	23407	23408	23409	0	0	0	0	0	0	23410	23411	0	0	0	23412	23413	23414	23415	23416	0	0	0	0	0	23417	0	0	0	0	23418	0	0	23419	23420	23421	0	0	23422	23423	0	23424	0	0	0	0	0	23425	23426	23427	23428	23429	0	23430	0	0	0	0	23431	0	23432	0	23433	23434	0	0	23435	23436	23437	0	23438	0	23439	0	23440	23441	0	23442	23443	23444	23445	0	0	0	23446	0	0	0	0	0	23447	23448	23449	23450	23451	23452	0	23453	0	23454	0	23455	0	23456	23457	23458	0	23459	23460	23461	0	23462	0	23463	23464	0	23465	23466	23467	23468	23469	23470	0	0	23471	23472	0	23473	0	0	23474	23475	23476	23477	23478	23479	23480	23481	0	0	23482	23483	23484	23485	0	23486	23487	23488	23489	23490	23491	23492	23493	0	0	0	23494	0	23495	0	0	23496	23497	23498	23499	0	0	23500	23501	23502	23503	0	23504	23505	23506	0	23507	23508	0	23509	23510	23511	23512	0	23513	0	0	0	23514	0	23515	23516	23517	0	23518	23519	23520	0	0	0	23521	23522	23523	23524	23525	23526	23527	0	23528	0	23529	23530	23531	0	23532	23533	23534	0	0	0	23535	0	23536	23537	23538	23539	0	23540	0	23541	23542	0	23543	23544	23545	23546	23547	0	23548	0	23549	0	23550	0	0	0	0	23551	23552	0	23553	0	0	23554	
0	23555	0	23556	0	23557	23558	0	0	23559	0	23560	23561	0	23562	0	23563	0	0	23564	23565	0	23566	0	23567	0	23568	0	23569	23570	23571	23572	23573	23574	23575	0	23576	23577	23578	23579	23580	23581	23582	23583	23584	23585	23586	23587	23588	0	23589	23590	23591	0	23592	0	23593	0	23594	0	23595	0	23596	23597	23598	0	23599	23600	23601	0	0	0	0	23602	0	23603	23604	0	23605	0	0	0	23606	0	0	0	23607	23608	0	0	23609	0	0	0	0	23610	23611	23612	0	0	23613	23614	0	23615	23616	0	0	0	23617	0	0	23618	0	23619	0	0	23620	0	23621	0	23622	0	23623	0	23624	23625	0	23626	0	23627	23628	23629	23630	23631	0	0	0	23632	23633	0	23634	0	23635	23636	23637	0	23638	23639	23640	0	0	23641	23642	0	23643	23644	23645	23646	23647	0	0	0	23648	23649	0	23650	0	0	23651	0	23652	0	0	23653	23654	0	23655	0	23656	0	23657	23658	0	23659	23660	0	0	23661	0	23662	0	23663	0	23664	23665	23666	0	23667	23668	23669	0	23670	0	0	0	23671	23672	0	23673	23674	0	0	0	0	0	23675	0	0	23676	23677	23678	0	23679	23680	0	23681	23682	0	0	23683	0	0	0	0	23684	0	0	23685	23686	0	23687	23688	23689	0	0	23690	0	23691	23692	0	0	23693	0	23694	23695	23696	0	0	0	0	0	0	0	0	23697	23698	23699	0	23700	23701	0	0	0	23702	23703	0	23704	23705	0	23706	23707	0	23708	0	0	0	0	23709	
23710	23711	0	23712	23713	23714	23715	0	23716	23717	23718	0	23719	0	23720	23721	23722	23723	23724	23725	23726	0	0	0	0	0	0	23727	23728	23729	0	0	23730	0	23731	0	23732	23733	23734	23735	23736	23737	23738	0	0	23739	0	23740	0	23741	0	0	0	23742	23743	23744	23745	23746	23747	0	0	23748	23749	23750	0	0	23751	23752	23753	0	23754	0	0	23755	23756	23757	0	23758	23759	23760	0	23761	0	0	23762	0	0	23763	23764	23765	0	0	23766	0	23767	0	0	0	0	0	0	23768	23769	23770	0	23771	23772	23773	23774	23775	23776	0	23777	23778	23779	23780	23781	23782	23783	23784	23785	0	23786	23787	23788	23789	0	23790	23791	23792	23793	0	23794	0	23795	0	0	23796	0	23797	23798	23799	0	0	23800	0	0	0	23801	23802	23803	23804	23805	0	0	0	23806	23807	23808	23809	23810	23811	23812	23813	23814	23815	23816	23817	0	23818	0	0	23819	23820	0	23821	23822	23823	23824	0	23825	0	0	0	23826	23827	23828	23829	0	23830	23831	23832	23833	0	23834	23835	23836	23837	23838	23839	23840	23841	0	23842	23843	23844	23845	23846	23847	23848	0	23849	23850	0	0	0	23851	23852	0	23853	0	23854	23855	0	23856	23857	23858	0	0	23859	23860	23861	23862	0	23863	0	23864	0	0	0	0	23865	0	23866	23867	0	0	23868	0	23869	23870	23871	0	23872	0	23873	23874	0	0	23875	23876	0	23877	0	23878	0	0	23879	23880	23881	23882	0	0	0	23883	23884	0	0	23885	23886	23887	0	23888	23889	23890	0	23891	23892	
23893	0	23894	23895	23896	0	0	0	0	23897	23898	23899	23900	23901	23902	23903	23904	0	23905	0	0	0	0	0	0	0	0	0	23906	23907	0	0	23908	23909	23910	23911	23912	0	23913	23914	23915	0	23916	0	23917	23918	23919	23920	23921	23922	23923	23924	0	23925	23926	0	0	23927	23928	23929	0	0	23930	23931	23932	23933	23934	0	23935	23936	0	0	0	0	23937	23938	0	23939	23940	0	23941	23942	23943	23944	0	23945	23946	0	23947	0	23948	0	23949	23950	23951	23952	0	0	23953	23954	23955	0	0	23956	0	23957	0	23958	0	23959	0	23960	23961	23962	23963	23964	0	0	0	23965	23966	0	23967	23968	23969	0	23970	0	23971	0	0	23972	23973	23974	23975	0	23976	0	0	23977	0	23978	0	23979	0	23980	0	23981	23982	23983	23984	23985	23986	0	23987	0	23988	0	0	0	0	23989	23990	23991	0	0	23992	23993	23994	23995	0	0	23996	23997	0	0	23998	0	23999	0	0	0	0	24000	24001	24002	24003	0	24004	0	0	24005	0	24006	0	0	0	0	0	24007	24008	24009	0	0	0	0	0	0	0	0	24010	24011	0	0	24012	0	24013	24014	24015	24016	24017	0	0	24018	0	0	24019	24020	0	24021	24022	24023	0	24024	0	0	0	0	24025	0	24026	0	0	24027	0	0	24028	24029	24030	0	24031	24032	0	24033	24034	0	0	0	0	24035	24036	0	24037	24038	24039	0	0	24040	24041	24042	24043	0	0	0	0	0	0	0	24044	24045	24046	0	0	0	0	24047	24048	0	
0	24049	24050	24051	24052	24053	0	0	24054	24055	24056	24057	0	0	24058	24059	24060	0	24061	24062	24063	24064	0	24065	24066	24067	24068	0	24069	0	24070	24071	0	24072	24073	0	24074	24075	24076	24077	0	24078	0	24079	0	24080	0	24081	24082	24083	0	0	0	24084	0	24085	24086	0	0	24087	0	24088	24089	0	24090	0	0	24091	0	0	24092	24093	24094	0	24095	24096	0	24097	0	24098	0	24099	0	0	24100	0	0	24101	0	24102	0	24103	24104	24105	0	24106	24107	24108	24109	0	0	0	24110	24111	0	24112	0	24113	0	24114	24115	24116	0	24117	24118	0	24119	24120	0	24121	24122	24123	24124	24125	0	24126	0	24127	0	24128	0	24129	24130	24131	0	24132	0	24133	0	24134	24135	0	24136	0	24137	24138	0	0	0	24139	24140	0	24141	0	24142	24143	24144	0	24145	24146	0	24147	24148	24149	24150	0	24151	24152	24153	24154	0	24155	24156	24157	0	0	24158	0	24159	0	24160	24161	24162	24163	24164	0	24165	0	0	24166	24167	0	0	0	0	0	24168	24169	24170	0	24171	0	24172	0	24173	0	24174	24175	24176	24177	0	0	24178	24179	24180	24181	24182	0	24183	0	24184	24185	0	24186	24187	24188	24189	24190	24191	24192	0	0	24193	24194	24195	24196	0	24197	0	24198	24199	0	24200	24201	0	0	24202	0	0	0	24203	0	24204	24205	24206	24207	24208	24209	24210	0	24211	0	0	24212	0	24213	24214	24215	24216	24217	24218	0	24219	24220	0	24221	24222	0	24223	24224	24225	0	0	24226	24227	0	24228	0	
24229	24230	24231	24232	24233	24234	24235	24236	24237	24238	0	0	24239	0	24240	0	0	24241	24242	0	24243	24244	0	24245	24246	24247	24248	24249	0	24250	0	24251	0	24252	24253	24254	24255	24256	0	24257	24258	0	24259	24260	0	24261	0	24262	0	0	24263	24264	0	24265	0	0	0	24266	0	24267	24268	24269	24270	24271	0	0	0	24272	0	0	0	0	24273	24274	24275	24276	0	24277	0	24278	24279	0	24280	24281	0	0	0	0	0	0	0	0	24282	24283	24284	0	0	24285	0	24286	24287	0	24288	0	24289	24290	0	0	24291	24292	24293	0	24294	24295	0	24296	24297	24298	0	24299	24300	24301	0	0	24302	24303	0	0	24304	24305	24306	24307	0	0	24308	24309	0	0	0	0	0	0	24310	24311	24312	24313	24314	0	24315	0	0	24316	24317	24318	0	24319	24320	0	0	24321	24322	24323	0	0	0	0	24324	0	24325	0	24326	0	0	24327	24328	0	0	0	24329	24330	0	24331	24332	0	0	24333	0	24334	24335	0	24336	24337	24338	24339	0	24340	24341	0	0	0	0	0	24342	0	24343	24344	0	0	24345	24346	0	0	24347	0	0	0	24348	24349	0	24350	0	24351	0	24352	24353	0	24354	0	0	24355	24356	24357	0	0	24358	0	24359	0	24360	0	24361	0	24362	0	24363	24364	24365	24366	0	24367	24368	24369	24370	0	0	0	0	0	0	0	24371	24372	24373	24374	24375	24376	24377	0	24378	24379	24380	0	24381	24382	24383	24384	0	0	0	24385	0	24386	0	0	24387	24388	0	0	
24389	24390	24391	24392	24393	24394	0	24395	0	0	24396	0	24397	24398	24399	24400	24401	24402	0	24403	24404	0	0	24405	24406	0	24407	0	0	24408	24409	0	24410	24411	0	24412	0	24413	24414	24415	0	24416	0	24417	0	24418	0	24419	24420	24421	24422	0	0	24423	24424	0	24425	0	0	24426	24427	24428	24429	0	0	24430	0	24431	24432	0	0	0	24433	0	24434	24435	0	24436	24437	0	24438	0	24439	24440	0	24441	0	0	24442	0	24443	24444	24445	24446	0	24447	24448	0	24449	24450	24451	0	0	0	0	24452	24453	24454	24455	24456	0	0	24457	0	24458	0	24459	24460	0	24461	0	0	24462	24463	0	24464	24465	24466	24467	24468	0	0	24469	0	24470	24471	24472	24473	0	0	0	24474	24475	24476	24477	24478	0	0	24479	24480	0	0	0	0	24481	0	24482	0	0	24483	24484	24485	24486	24487	0	24488	24489	24490	24491	24492	24493	24494	0	0	24495	24496	0	0	0	0	24497	24498	24499	0	0	0	24500	24501	0	24502	0	0	0	24503	0	24504	24505	24506	24507	0	24508	0	0	24509	0	0	24510	0	0	24511	24512	24513	24514	0	24515	24516	24517	0	24518	24519	24520	0	24521	24522	24523	24524	0	24525	24526	24527	24528	0	0	24529	0	24530	0	0	0	24531	24532	0	0	0	24533	24534	0	0	0	24535	0	24536	24537	24538	0	0	24539	0	24540	24541	0	24542	24543	24544	0	24545	24546	0	24547	24548	0	0	0	0	0	24549	0	0	0	0	0	0	0	24550	24551	24552	24553	0	
