percolate: params are L = 288, rho = 0.411000, seed = 56
percolate: params are L = 288, rho = 0.411000, seed = 56
percolate: params are L = 288, rho = 0.411000, seed = 56
percolate: params are L = 288, rho = 0.411000, seed = 56
each M=72,N=288
each M=72,N=288
each M=72,N=288
each M=72,N=288
percolate: rho = 0.411000, actual density = 0.409855
15806	15806	0	15806	15806	0	15806	15806	15806	15806	0	15806	0	15806	15806	0	0	0	0	0	15806	15806	15806	0	12195	12195	12195	0	0	0	0	0	12196	0	0	12736	12736	12736	12736	12736	0	14628	0	0	12742	12742	12742	12742	12742	0	0	13094	13094	13094	13094	13094	13094	0	0	13100	13100	13100	13100	13100	13100	0	21521	21521	21521	0	0	0	15856	15856	0	0	0	15856	15856	0	15856	15856	15856	15856	15856	0	15856	15856	15856	15856	0	15856	0	15856	0	15856	0	12241	12241	12241	0	0	12598	12598	12598	0	0	15856	15856	15856	0	15856	0	15856	0	0	0	12250	0	0	13318	0	13318	13318	0	13318	0	0	0	24534	0	24534	0	0	24534	24534	0	0	13830	13830	0	12263	12263	12263	0	12441	12441	0	0	24534	24534	0	24534	0	0	0	24534	0	0	0	24534	24534	0	0	0	24534	24534	24534	0	24534	0	24534	24534	24534	24534	0	13527	13527	0	0	12282	0	13527	13527	13527	0	0	12286	0	0	0	0	12835	12835	12835	12835	12835	12835	12835	12835	0	0	13532	13532	13532	13532	13532	0	0	15259	0	12489	12489	12489	0	15259	0	0	15259	15259	15259	15259	0	12495	12495	0	0	0	0	15259	15259	15259	0	0	12320	12320	12320	12320	12320	12320	12320	0	12322	12322	0	0	15259	15259	15259	0	12506	0	24534	0	24534	0	0	0	12329	0	24534	0	12331	0	12515	0	0	12516	0	13055	13055	13055	13055	13055	13055	0	12340	0	24534	0	24534	0	24534	24534	24534	24534	24534	24534	
15806	15806	15806	15806	0	15806	15806	15806	0	15806	0	15806	0	15806	15806	15806	0	15806	15806	0	15806	0	15806	0	0	0	0	15806	0	15806	15806	0	0	15806	15806	0	12736	0	12736	12736	0	14628	0	12374	0	0	0	12742	12742	12742	0	13094	13094	13094	0	0	0	12381	0	0	0	13100	13100	0	13100	0	21521	0	21521	0	15856	15856	15856	15856	15856	15856	15856	15856	0	15856	15856	15856	15856	15856	15856	0	15856	15856	15856	15856	15856	15856	0	15856	15856	15856	15856	0	0	0	12598	0	12598	12598	0	12414	0	15856	15856	15856	0	15856	15856	15856	15856	15856	15856	0	0	13318	13318	0	13318	0	0	13318	13318	13318	0	24534	24534	24534	24534	24534	24534	24534	24534	0	13830	13830	13830	0	0	0	0	12441	0	24534	24534	0	24534	24534	24534	24534	24534	24534	24534	24534	24534	24534	24534	24534	24534	0	24534	24534	24534	24534	24534	24534	24534	24534	24534	24534	0	13527	13527	13527	13527	0	0	13527	13527	0	13527	13527	13527	0	0	0	12835	12835	12835	12835	12835	12835	12835	0	0	0	13532	13532	0	13532	13532	0	0	12487	0	15259	0	12489	0	0	0	15259	15259	15259	0	15259	15259	0	0	0	12495	0	15259	15259	0	15259	0	15259	15259	0	0	0	0	0	0	0	0	15259	0	0	15259	15259	15259	15259	0	0	12506	0	24534	24534	24534	24534	0	24534	0	24534	24534	24534	0	0	12515	0	0	12516	0	13055	0	0	13055	0	13055	13055	0	0	24534	24534	24534	24534	24534	24534	0	0	24534	24534	
15806	0	15806	15806	15806	0	0	0	15806	15806	15806	15806	0	15806	15806	15806	15806	15806	15806	15806	15806	15806	0	0	15806	15806	15806	15806	15806	15806	15806	15806	0	0	15806	15806	0	0	12736	0	14628	14628	0	0	12742	12742	12742	12742	0	12742	0	13094	13094	13094	13094	13094	13094	0	13100	13100	13100	13100	0	13100	0	21521	21521	0	0	12577	0	15856	15856	0	0	0	15856	15856	15856	15856	15856	15856	0	0	15856	15856	15856	0	15856	15856	15856	0	15856	0	15856	15856	0	15856	0	0	12598	12598	12598	0	0	0	15856	15856	15856	0	15856	15856	0	0	0	0	15856	15856	0	13318	13318	13318	13318	13318	13318	13318	0	0	0	24534	0	0	24534	24534	24534	0	0	0	13830	13830	13830	13830	0	24534	24534	0	24534	24534	0	0	24534	0	0	24534	24534	0	24534	24534	24534	0	24534	0	24534	0	24534	24534	0	24534	24534	0	24534	24534	24534	24534	0	0	13527	13527	13527	13527	0	0	13527	0	13527	13527	0	0	12835	12835	12835	12835	12835	12835	0	0	0	13532	0	0	13532	13532	13532	13532	0	13369	13369	0	15259	15259	0	0	15259	0	0	15259	15259	15259	15259	15259	0	15259	15259	0	0	15259	0	15259	15259	15259	15259	15259	15259	15259	0	15259	15259	15259	15259	15259	0	15259	15259	0	15259	15259	15259	15259	0	0	0	24534	24534	0	24534	0	24534	24534	24534	24534	0	0	24534	0	0	0	13405	0	12699	0	0	13055	13055	0	13055	13055	0	24534	0	24534	24534	24534	24534	0	24534	24534	24534	24534	
15806	15806	0	0	15806	15806	15806	15806	15806	0	0	0	0	15806	15806	15806	0	15806	15806	0	15806	0	0	15806	15806	15806	15806	0	0	15806	15806	15806	15806	15806	15806	0	0	0	12736	0	14628	14628	0	12739	0	12742	0	12742	0	12742	0	13094	0	13094	13094	0	13094	0	0	13100	0	13100	13100	13100	13100	0	21521	21521	21521	0	0	15856	0	21521	21521	0	15856	0	15856	0	15856	15856	0	0	15856	15856	0	15856	15856	15856	15856	15856	15856	0	15856	15856	15856	15856	15856	15856	0	0	0	15856	15856	0	15856	15856	15856	15856	15856	0	12783	0	13818	13818	0	0	13318	13318	0	13318	0	0	0	0	0	24534	0	24534	24534	0	24534	24534	24534	0	13830	13830	13830	0	13830	0	24534	24534	24534	0	24534	24534	24534	24534	24534	0	0	24534	24534	24534	24534	24534	24534	24534	24534	24534	24534	24534	24534	24534	0	24534	0	12821	0	0	24534	24534	24534	24534	0	0	13527	13527	13527	13527	13527	13527	13527	13527	0	0	12835	0	0	0	12835	0	12836	0	13532	13532	0	13532	13532	0	13532	13532	0	13369	0	15259	15259	15259	0	15259	15259	15259	0	15259	15259	0	0	15259	15259	15259	15259	15259	15259	15259	15259	15259	0	15259	0	0	15259	15259	0	0	15259	0	15259	0	15259	0	15259	15259	15259	0	0	0	13218	0	24534	24534	0	24534	0	24534	24534	24534	24534	24534	0	24534	24534	0	13047	0	13405	13405	0	0	0	0	0	0	0	13055	0	24534	24534	0	0	0	0	0	24534	24534	0	0	
0	15806	0	0	15806	15806	0	15806	15806	15806	15806	15806	15806	15806	0	0	15806	15806	15806	15806	15806	15806	15806	0	0	15806	0	12907	0	0	0	0	15806	15806	15806	15806	0	12912	0	14628	0	14628	14628	0	0	0	0	0	0	0	0	0	13094	13094	13094	0	0	12919	0	0	13100	13100	13100	0	13100	0	21521	0	0	0	12925	0	0	0	21521	21521	0	15856	0	15856	15856	0	15856	15856	15856	15856	15856	15856	15856	0	0	0	15856	15856	15856	15856	15856	15856	15856	0	15856	15856	15856	15856	15856	15856	15856	0	0	15856	15856	0	0	12954	0	13818	13818	0	13318	13318	0	0	0	24534	24534	0	24534	24534	24534	24534	0	0	0	0	24534	0	13830	13830	0	0	0	24534	24534	0	24534	0	24534	24534	24534	24534	24534	24534	0	0	24534	24534	24534	0	0	0	24534	24534	24534	0	0	24534	24534	24534	0	0	24534	0	24534	24534	24534	0	24534	24534	0	13527	13527	0	13527	13527	13527	13527	0	13527	0	13527	13527	0	0	13363	0	13184	0	13532	13532	0	13532	13532	13532	0	13369	13369	0	15259	15259	15259	15259	0	15259	15259	15259	15259	0	15259	15259	15259	15259	15259	15259	0	15259	15259	0	0	0	0	15259	0	0	15259	15259	15259	0	0	15259	0	15259	15259	0	15259	15259	0	15259	0	13218	0	24534	24534	24534	24534	24534	0	24534	24534	0	0	24534	24534	0	13047	13047	0	13405	13405	0	13230	0	13913	13913	0	13055	13055	13055	0	24534	24534	24534	24534	24534	24534	24534	0	0	13237	
0	0	13420	13420	0	15806	0	15806	15806	0	0	0	0	15806	15806	15806	15806	15806	15806	0	0	15806	0	15806	15806	15806	15806	0	15806	15806	0	15806	0	0	0	0	0	0	14628	14628	14628	14628	14628	0	14628	14628	14628	0	0	14136	14136	14136	0	13094	0	13456	0	0	13456	0	13100	13100	13100	0	13100	0	21521	0	0	21521	0	21521	21521	21521	21521	0	0	15856	15856	15856	0	15856	15856	0	15856	0	0	0	15856	15856	15856	15856	15856	0	15856	15856	15856	15856	15856	15856	15856	0	15856	15856	15856	15856	0	15856	15856	15856	0	15856	0	0	0	13818	0	0	0	13318	13318	13318	0	24534	24534	24534	0	24534	24534	0	13325	13325	0	13499	0	13830	13830	13830	0	0	24534	24534	24534	24534	0	0	0	24534	24534	0	24534	24534	24534	0	24534	24534	0	0	24534	0	24534	24534	24534	0	24534	24534	24534	0	24534	0	24534	24534	24534	24534	24534	24534	24534	24534	24534	0	13527	13527	0	0	0	13527	0	13527	13527	13527	0	0	0	13363	0	13184	13184	0	13532	13532	13532	13532	13532	0	13369	13369	0	0	15259	15259	0	15259	0	15259	15259	0	0	15259	0	15259	15259	15259	0	15259	15259	0	13203	0	15259	15259	15259	15259	0	15259	0	15259	15259	15259	15259	15259	15259	0	15259	15259	0	0	15259	0	13218	0	24534	24534	24534	24534	0	24534	24534	24534	24534	0	24534	0	0	0	0	13405	13405	0	0	13230	0	13913	0	13232	0	0	0	0	0	24534	24534	0	24534	24534	0	0	0	13237	
0	13420	13420	0	15806	15806	0	0	0	0	15806	0	15806	15806	15806	0	15806	0	15806	0	15806	15806	15806	0	15806	0	15806	15806	15806	15806	15806	15806	15806	0	13605	13605	13605	0	14628	14628	0	0	14628	0	14628	14628	0	14136	14136	14136	14136	0	13271	0	0	13456	13456	13456	13456	13456	0	0	0	13277	0	21521	21521	21521	0	21521	21521	0	21521	21521	21521	21521	0	0	0	0	15856	15856	15856	15856	15856	15856	15856	15856	15856	0	15856	15856	0	15856	0	15856	15856	15856	0	0	15856	0	0	15856	15856	15856	15856	15856	0	15856	15856	15856	0	13818	13818	13818	13818	13818	13818	0	13318	13318	0	24534	24534	0	24534	24534	24534	24534	0	13325	0	13499	0	13830	13830	0	13329	0	0	24534	24534	24534	0	0	0	0	0	24534	24534	0	0	24534	24534	24534	24534	24534	24534	24534	0	0	0	13342	0	24534	24534	24534	24534	24534	0	24534	24534	0	24534	24534	24534	24534	0	13354	0	13527	13527	13527	0	13527	13527	13527	13527	0	13362	0	0	13363	0	0	0	13531	0	13532	13532	0	13532	13532	0	13369	0	15259	15259	15259	0	15259	0	15259	0	15259	0	15259	0	15259	15259	15259	15259	0	0	13381	0	0	0	0	0	15259	0	15259	0	0	15259	15259	15259	0	15259	15259	15259	15259	0	0	15259	15259	0	13393	0	0	0	24534	24534	24534	24534	24534	24534	24534	24534	24534	24534	24534	0	13405	0	0	0	0	13913	13913	13913	0	24534	24534	24534	24534	24534	24534	24534	24534	24534	24534	24534	0	0	0	
0	13420	0	15806	15806	0	0	15806	15806	15806	15806	15806	15806	15806	15806	0	15806	0	15806	0	0	0	15806	15806	15806	15806	15806	15806	15806	0	15806	0	0	13441	0	13605	13605	0	14628	14628	0	14628	14628	14628	14628	14628	0	14136	14136	0	0	0	0	0	21521	0	13456	0	0	13456	13456	0	21521	0	0	21521	21521	21521	21521	21521	0	0	21521	0	21521	21521	0	0	21521	0	15856	15856	0	15856	15856	0	15856	15856	15856	15856	15856	15856	0	15856	15856	15856	0	0	15856	15856	0	13482	0	0	0	0	15856	15856	0	15856	15856	15856	0	0	13818	13818	13818	13818	13818	13818	0	0	24534	24534	0	0	24534	0	24534	0	13498	0	0	13499	0	0	13830	13830	0	0	24534	24534	0	24534	24534	24534	0	14192	14192	0	24534	0	0	0	24534	24534	24534	0	24534	0	24534	24534	0	0	0	24534	0	24534	24534	24534	0	0	24534	0	24534	0	24534	24534	24534	0	0	0	13527	0	0	13527	0	13527	0	24534	0	0	0	0	24534	0	13531	13531	0	13532	0	0	0	0	0	0	0	15259	0	15259	15259	15259	0	15259	15259	15259	15259	15259	0	15259	0	15259	15259	0	0	0	15259	15259	15259	15259	15259	15259	0	15259	15259	0	15259	0	0	13554	0	0	0	15259	0	0	15259	0	13557	0	0	0	0	24534	0	24534	24534	24534	0	24534	24534	24534	24534	0	24534	0	13913	13913	13913	13913	0	13913	0	24534	24534	0	24534	0	24534	24534	24534	24534	0	24534	0	0	0	15121	
0	0	15806	0	15806	15806	0	0	15806	15806	15806	15806	15806	0	0	0	0	15806	15806	15806	15806	15806	15806	15806	15806	15806	0	15806	15806	15806	15806	15806	15806	0	13605	13605	0	0	14628	14628	14628	14628	0	14628	0	0	0	14136	14136	14136	14136	0	21521	21521	21521	0	0	21521	21521	0	0	21521	21521	21521	21521	21521	0	0	0	21521	21521	0	21521	21521	0	21521	21521	21521	21521	0	15856	15856	15856	15856	15856	15856	15856	0	15856	15856	15856	15856	15856	15856	15856	15856	0	0	0	15856	15856	0	15856	15856	15856	0	15856	15856	15856	0	15856	0	0	0	13818	13818	0	0	13818	0	13660	0	24534	24534	24534	0	24534	0	0	0	0	13665	0	0	0	0	13830	13830	13830	13830	0	0	0	24534	24534	0	14192	14192	14192	14192	0	13676	0	24534	24534	0	24534	24534	24534	24534	24534	0	13684	0	14710	0	0	24534	24534	0	0	24534	24534	24534	24534	24534	0	0	24534	24534	0	0	0	0	24534	0	0	0	24534	24534	0	0	24534	24534	24534	24534	0	0	0	0	0	13702	0	13870	0	0	15259	15259	15259	15259	15259	0	0	15259	15259	0	15259	0	15259	15259	0	15259	0	15259	0	0	15259	0	0	15259	15259	15259	15259	15259	0	0	0	14567	14567	0	14567	0	0	15259	15259	15259	15259	15259	0	0	15259	15259	15259	0	15259	0	24534	24534	0	0	24534	24534	0	24534	24534	0	0	0	0	13913	13913	13913	13913	0	0	24534	0	24534	24534	24534	24534	24534	24534	24534	0	0	0	15121	
13924	0	15806	15806	15806	0	15806	0	0	0	15806	15806	0	0	15806	15806	15806	0	0	15806	0	0	0	15806	15806	15806	15806	0	15806	0	15806	15806	0	0	0	0	14628	14628	14628	14628	0	0	0	14628	0	0	14133	0	0	14136	14136	14136	0	21521	21521	0	21521	0	21521	21521	21521	21521	0	0	0	21521	21521	0	21521	0	21521	21521	21521	21521	21521	0	0	21521	21521	0	15856	0	15856	0	15856	15856	0	0	0	15856	15856	15856	15856	0	0	0	0	15856	15856	15856	15856	15856	0	15856	15856	0	15856	15856	0	15856	0	15856	15856	0	13818	13818	0	13819	0	24534	0	0	24534	24534	0	24534	24534	24534	24534	24534	24534	0	0	0	24534	0	0	0	13830	0	0	0	0	24534	24534	0	14192	14192	14192	14192	14192	0	13838	0	24534	0	24534	24534	24534	0	0	14710	0	14710	14710	14710	0	0	24534	24534	24534	24534	24534	0	24534	0	24534	24534	24534	0	0	0	24534	24534	24534	24534	0	24534	24534	24534	24534	0	0	24534	0	0	0	24534	24534	24534	24534	0	13870	13870	0	15259	15259	15259	15259	0	0	15259	15259	15259	15259	0	0	0	15259	0	0	15259	15259	15259	15259	15259	15259	15259	15259	0	0	15259	0	15259	0	24534	0	0	14567	14567	14567	14567	0	0	0	0	15259	15259	15259	15259	15259	15259	15259	15259	15259	15259	0	0	15613	0	0	24534	24534	24534	0	24534	0	24534	24534	0	13913	0	13913	0	24534	24534	24534	0	24534	0	24534	24534	0	0	15121	15121	0	15121	
13924	13924	0	15806	15806	0	15806	0	15806	15806	15806	15806	0	0	15806	15806	15806	15806	0	0	0	15806	15806	0	15806	0	15806	15806	0	15806	15806	15806	15806	0	13945	0	14628	14628	0	0	21521	21521	0	0	13950	0	14133	14133	14133	0	14136	14136	14136	0	21521	21521	21521	0	0	0	0	21521	21521	21521	21521	0	21521	21521	21521	0	0	21521	0	21521	0	0	0	21521	21521	0	0	21521	0	15856	15856	15856	0	21521	21521	0	15856	15856	15856	15856	0	15856	15856	0	15856	15856	15856	0	15856	15856	0	0	15856	15856	15856	15856	15856	15856	15856	15856	0	0	0	0	24534	24534	24534	24534	24534	0	14001	0	24534	0	24534	0	24534	24534	0	24534	24534	0	14186	0	0	0	0	24534	0	24534	0	0	14192	14192	14192	0	0	14014	0	0	24534	0	0	0	24534	24534	0	14710	14710	14710	14710	0	24534	24534	0	0	24534	24534	24534	0	24534	24534	24534	24534	24534	24534	24534	0	24534	24534	24534	24534	0	0	0	24534	0	24534	24534	24534	24534	0	0	24534	24534	24534	0	14046	0	0	0	15259	15259	0	15259	15259	15259	15259	15259	15259	15259	15259	15259	15259	0	14391	0	0	15259	0	15259	15259	15259	15259	15259	0	0	15259	15259	0	0	24534	24534	0	14567	14567	0	14567	0	15280	15280	0	15259	0	15259	0	0	0	15259	15259	0	0	0	15613	15613	0	15613	0	0	24534	24534	24534	24534	24534	24534	24534	0	0	0	0	24534	0	24534	24534	24534	0	0	0	0	15121	15121	15121	15121	15121	
0	0	0	15806	0	0	15806	15806	15806	15806	15806	15806	15806	15806	15806	15806	15806	15806	0	15806	15806	15806	15806	15806	15806	15806	15806	15806	15806	15806	15806	15806	0	0	0	14628	14628	14628	0	14127	0	21521	21521	21521	0	0	14133	14133	14133	0	14136	14136	14136	0	21521	0	21521	0	14294	14294	14294	0	21521	21521	0	0	0	21521	0	21521	21521	21521	21521	0	21521	0	0	21521	21521	21521	0	21521	21521	0	0	0	21521	21521	21521	0	15856	15856	15856	15856	15856	15856	0	15856	0	15856	15856	15856	0	15856	15856	0	15856	0	0	0	15856	15856	0	15856	0	0	15367	0	24534	24534	0	24534	0	24534	0	24534	24534	24534	24534	0	0	0	24534	24534	24534	0	14186	0	0	0	24534	24534	24534	24534	0	14192	14192	0	0	0	0	0	15045	15045	0	24534	24534	24534	24534	0	0	14710	14710	14710	14710	0	0	24534	24534	24534	24534	24534	24534	24534	0	0	24534	0	24534	0	24534	0	0	24534	0	24534	0	0	0	24534	24534	24534	24534	0	24534	24534	24534	24534	0	0	14223	0	0	24534	24534	0	15259	0	15259	0	15259	0	0	15259	0	15259	15259	0	0	14391	14391	0	0	0	15259	0	15259	15259	15259	15259	15259	15259	0	14241	0	24534	24534	24534	0	14567	14567	14567	14567	0	15280	0	0	0	0	14929	14929	0	0	0	14252	0	15613	15613	15613	15613	15613	0	0	24534	24534	0	24534	24534	0	0	24534	0	0	0	24534	0	24534	24534	0	15121	15121	15121	0	15121	0	0	0	0	
14270	0	15806	0	15806	15806	15806	15806	15806	15806	0	0	0	0	0	15806	0	0	0	15806	0	0	15806	15806	15806	0	0	0	0	0	0	15806	0	14284	0	14628	14628	0	14287	0	14288	0	21521	0	0	0	0	0	0	21521	0	0	0	21521	21521	21521	0	0	14294	0	0	21521	21521	0	0	21521	21521	21521	0	0	21521	21521	0	0	21521	0	21521	21521	21521	21521	21521	21521	21521	0	21521	21521	21521	0	21521	0	15856	15856	15856	0	0	15856	15856	15856	0	15856	15856	0	15856	15856	15856	0	0	14325	0	15856	15856	15856	0	15856	0	15367	15367	0	0	0	0	24534	24534	24534	24534	24534	0	24534	24534	0	24534	24534	24534	24534	24534	24534	0	24534	24534	24534	24534	0	0	24534	24534	0	0	15045	0	0	15045	0	15045	15045	0	24534	24534	24534	24534	0	0	0	0	0	14710	0	0	0	24534	24534	24534	24534	24534	0	14365	0	24534	24534	24534	0	0	0	14369	0	24534	24534	0	0	24534	24534	0	0	24534	0	24534	24534	24534	24534	0	0	0	14549	0	24534	24534	24534	0	0	15259	15259	15259	15259	0	15259	15259	0	15259	0	14390	0	14391	0	24534	24534	0	15259	15259	0	15259	0	15259	15259	15259	0	14400	0	24534	0	0	14567	0	0	14567	0	15280	15280	0	14929	14929	14929	0	14929	0	0	0	0	0	15613	15613	0	15613	15613	0	0	24534	24534	24534	24534	24534	24534	24534	24534	24534	24534	0	0	24534	24534	0	0	0	15121	15121	15121	15121	15121	15121	15121	
0	15806	15806	15806	15806	15806	15806	0	15806	15806	15806	15806	15806	15806	0	15806	15806	0	0	0	15806	0	0	0	0	0	15806	15806	0	0	15806	15806	15806	0	0	14628	0	0	0	0	0	21521	21521	21521	21521	21521	21521	21521	0	21521	0	0	0	0	0	21521	21521	0	0	21521	21521	0	21521	0	0	21521	21521	0	21521	0	21521	21521	0	21521	21521	21521	21521	0	0	21521	0	21521	21521	0	21521	0	0	21521	0	15856	15856	15856	0	15856	15856	15856	15856	15856	15856	15856	15856	0	0	15856	15856	15856	15856	0	15856	15856	15856	0	0	15856	15856	0	15367	15367	0	0	0	24534	24534	0	24534	0	14689	0	24534	0	24534	0	0	24534	0	24534	24534	24534	0	24534	24534	24534	24534	0	0	0	0	15045	15045	0	15045	0	15045	0	0	24534	24534	24534	0	14525	14525	0	24534	0	14710	0	24534	0	0	0	24534	24534	24534	24534	0	24534	0	24534	24534	0	24534	24534	0	0	24534	24534	0	0	0	24534	24534	0	24534	0	24534	24534	24534	24534	24534	24534	0	14549	0	24534	24534	0	14552	0	15259	15259	15259	15259	15259	0	15259	0	15259	15259	0	0	0	14744	0	24534	0	15259	0	0	15259	0	0	0	0	24534	0	0	24534	0	0	14567	0	24534	0	15280	15280	15280	0	14929	14929	14929	14929	14929	14929	0	15613	15613	15613	15613	15613	15613	15613	0	24534	24534	24534	0	24534	24534	24534	24534	24534	24534	0	24534	24534	24534	24534	24534	24534	0	0	0	15121	15121	15121	0	0	15121	
0	15806	0	0	15806	15806	15806	15806	15806	15806	15806	0	0	0	15806	0	15806	15806	0	0	15806	0	0	0	0	15806	15806	15806	0	15806	15806	15806	15806	15806	0	14628	14628	14628	14628	14628	0	21521	0	21521	21521	21521	21521	21521	21521	21521	21521	21521	21521	21521	21521	21521	0	0	0	21521	21521	21521	21521	0	21521	21521	21521	21521	21521	21521	21521	0	21521	0	0	21521	21521	21521	21521	21521	21521	0	21521	21521	21521	21521	21521	21521	0	0	15856	15856	15856	15856	15856	0	15856	0	15856	0	0	15856	0	15856	15856	15856	0	15856	0	15856	0	15856	0	15856	0	15367	15367	0	0	0	24534	24534	24534	24534	0	0	14689	14689	0	0	24534	0	0	0	0	24534	24534	24534	0	24534	0	24534	24534	0	14864	0	0	15045	0	15045	15045	15045	15045	15045	0	24534	24534	24534	24534	0	0	24534	24534	0	14710	0	24534	24534	24534	24534	24534	0	24534	0	0	24534	24534	24534	24534	24534	24534	24534	24534	0	0	24534	0	24534	24534	24534	0	0	0	24534	24534	24534	0	24534	24534	24534	24534	0	24534	24534	0	14738	0	0	0	15259	15259	15259	0	15259	15259	0	0	0	0	0	0	14744	0	24534	0	0	0	0	0	0	14746	0	0	24534	24534	24534	24534	24534	24534	0	0	24534	24534	0	0	15280	0	0	0	14929	0	0	0	14757	0	0	15613	0	15613	0	0	0	0	24534	0	0	0	24534	24534	0	0	24534	24534	24534	24534	0	0	24534	0	0	24534	24534	0	15121	15121	0	15121	15121	
15806	15806	15806	0	15806	0	15806	15806	15806	15806	15806	15806	15806	15806	15806	15806	15806	15806	15806	15806	15806	15806	15806	0	0	0	15806	15806	0	15806	0	15806	15806	0	14800	0	0	0	0	0	21521	0	21521	21521	21521	21521	21521	21521	0	21521	21521	21521	21521	21521	21521	21521	21521	0	0	0	0	21521	0	21521	21521	21521	21521	21521	0	0	21521	0	21521	21521	21521	0	0	0	0	21521	21521	0	0	21521	0	0	21521	0	15352	15352	0	0	0	15856	0	15856	15856	15856	15856	0	0	15856	0	15856	0	15856	15856	15856	15856	15856	15856	15856	0	15856	0	15367	15367	15367	0	0	24534	24534	0	24534	24534	24534	0	0	0	14855	0	0	0	24534	24534	24534	24534	0	24534	24534	0	24534	24534	0	14864	0	0	15045	15045	15045	15045	15045	0	0	24534	24534	24534	0	0	14874	14874	0	24534	0	0	0	0	24534	0	0	24534	0	0	24534	24534	24534	24534	24534	24534	24534	0	0	24534	24534	0	24534	0	24534	0	24534	24534	0	24534	0	24534	24534	0	24534	0	24534	0	24534	24534	0	15075	0	0	0	15259	15259	15259	0	15259	15259	0	0	15426	15426	15426	15426	0	0	24534	24534	0	24534	24534	24534	24534	24534	0	15272	0	24534	24534	0	0	24534	0	24534	24534	24534	24534	0	15280	15280	0	14929	14929	14929	14929	14929	0	0	15444	15444	0	15613	15613	0	0	15105	0	24534	0	24534	0	0	0	14937	0	0	0	0	24534	0	0	24534	0	24534	24534	0	15121	15121	15121	0	15121	15121	
15806	15806	15806	15806	15806	0	15806	15806	0	15806	15806	0	15806	15806	15806	0	15806	0	0	0	0	0	0	15806	15806	15806	15806	15806	0	15806	15806	0	15806	15806	0	15143	15143	0	0	21521	21521	0	21521	21521	21521	21521	21521	21521	21521	21521	21521	21521	0	0	21521	21521	21521	21521	0	0	21521	21521	0	0	0	0	21521	21521	0	0	21521	21521	21521	0	21521	0	21521	0	21521	21521	21521	21521	0	0	0	0	21521	0	15352	0	15002	0	0	0	15856	15856	15856	0	15856	15856	0	15856	15856	0	15856	15856	15856	15856	15856	0	15856	15856	15856	0	15367	15367	0	15367	0	24534	24534	24534	24534	24534	24534	24534	24534	24534	0	0	0	24534	24534	24534	0	0	24534	24534	24534	24534	0	24534	24534	24534	0	15041	15041	0	0	15045	15045	15045	15045	0	24534	24534	24534	24534	24534	0	0	24534	24534	0	0	0	24534	24534	0	0	24534	0	24534	24534	24534	24534	24534	24534	0	24534	24534	0	24534	24534	24534	24534	0	24534	0	24534	0	0	24534	0	0	24534	24534	0	0	24534	0	24534	0	0	15075	0	24534	24534	0	15259	15259	0	0	0	15426	15426	15426	15426	0	15426	0	15266	0	24534	24534	24534	24534	24534	24534	24534	0	15272	0	0	0	0	0	24534	24534	0	24534	24534	24534	0	15280	0	0	0	0	0	0	0	0	15444	15444	0	15613	15613	0	24534	0	15105	0	24534	24534	24534	24534	24534	24534	0	0	24534	24534	24534	24534	24534	0	24534	0	24534	24534	0	15121	15121	0	15122	0	0	
0	0	15806	15806	15806	0	15806	15806	0	15806	0	0	15806	0	15806	0	0	22495	0	15313	15313	0	15313	0	0	15806	15806	15806	15806	15806	15806	0	0	15806	15806	0	15143	0	21521	21521	21521	0	21521	0	21521	21521	21521	21521	21521	0	0	0	21521	0	21521	21521	0	21521	21521	0	21521	0	21521	0	0	21521	0	21521	0	0	21521	21521	21521	21521	21521	0	21521	21521	21521	21521	0	21521	21521	21521	0	21521	0	0	15352	15352	0	0	15178	15178	0	15856	15856	15856	15856	15856	15856	0	15856	0	0	15856	15856	0	0	15856	15856	15856	15856	0	15367	15367	15367	0	24534	24534	24534	0	0	0	24534	24534	24534	24534	24534	0	24534	24534	24534	24534	24534	24534	24534	24534	24534	0	24534	24534	24534	0	24534	0	0	15385	15385	0	0	0	0	24534	24534	24534	24534	0	0	24534	24534	24534	0	24534	0	24534	24534	24534	0	24534	0	24534	0	24534	24534	24534	24534	24534	24534	24534	0	24534	24534	0	24534	24534	24534	24534	24534	24534	24534	24534	24534	24534	0	24534	24534	24534	24534	0	0	24534	24534	24534	0	0	24534	24534	0	0	15259	0	0	0	15426	0	15426	15426	15426	0	15266	15266	15266	0	24534	0	24534	24534	24534	0	15272	15272	0	15273	0	24534	24534	24534	0	24534	24534	24534	0	0	15280	0	0	15281	0	0	15443	15443	0	15444	0	15613	15613	15613	0	24534	0	0	15289	0	0	24534	0	24534	0	0	0	0	0	0	0	24534	24534	24534	24534	24534	0	15460	0	0	15461	0	0	0	
0	15806	15806	15806	15806	0	15806	15806	15806	0	15637	0	15806	0	0	15308	0	22495	22495	0	15313	15313	15313	0	15806	15806	15806	15806	0	0	0	15806	15806	15806	0	21521	0	0	0	0	21521	21521	21521	21521	0	21521	0	21521	0	15492	15492	0	21521	0	0	21521	0	21521	21521	21521	0	0	21521	21521	21521	21521	21521	21521	0	15341	0	21521	0	21521	0	21521	0	0	21521	0	0	0	21521	21521	21521	21521	21521	0	15352	15352	0	0	0	0	0	0	0	0	15856	15856	15856	15856	15856	15856	0	15856	15856	0	15856	15856	15856	15856	15856	15856	0	0	15367	0	0	24534	24534	24534	0	24534	24534	0	24534	0	0	24534	24534	0	24534	0	24534	0	24534	0	24534	24534	0	24534	0	0	24534	24534	0	15385	15385	0	15386	0	24534	0	24534	24534	0	24534	24534	24534	24534	0	0	24534	24534	0	24534	24534	24534	24534	24534	24534	24534	0	0	0	0	24534	24534	24534	24534	0	24534	24534	0	0	24534	0	0	0	24534	0	0	24534	24534	0	24534	0	0	15414	0	24534	24534	0	0	0	24534	24534	24534	24534	0	24534	24534	24534	0	24534	0	0	15426	15426	0	0	0	24534	24534	24534	24534	24534	24534	24534	0	0	24534	0	24534	24534	24534	24534	24534	24534	0	0	15441	0	0	0	0	0	24534	0	15443	0	0	15444	0	15613	0	15613	0	24534	24534	0	0	0	0	24534	24534	24534	24534	0	24534	0	15454	0	24534	24534	24534	24534	0	24534	0	15460	0	0	15461	0	0	0	
15795	0	0	0	15806	15806	0	15806	0	15637	15637	0	0	15989	15989	0	22495	22495	22495	22495	0	0	0	0	15806	15806	15806	15806	15806	15806	0	15806	0	0	21521	21521	21521	0	21521	21521	21521	21521	0	21521	21521	0	0	21521	0	15492	15492	0	21521	21521	0	21521	0	21521	0	0	21521	21521	0	0	21521	0	0	21521	21521	0	21521	21521	0	0	21521	21521	0	0	21521	0	21521	0	21521	0	0	21521	21521	0	0	0	0	17771	17771	17771	17771	0	0	15515	0	15856	15856	0	15856	0	15856	15856	0	15856	15856	0	0	0	15856	15856	0	15525	0	15526	0	24534	0	0	0	0	24534	24534	24534	24534	24534	24534	24534	24534	24534	24534	24534	0	0	24534	24534	24534	24534	24534	24534	24534	24534	0	0	0	0	0	0	24534	24534	24534	24534	24534	24534	0	24534	24534	0	15555	0	24534	24534	0	24534	24534	24534	24534	24534	24534	24534	0	0	24534	0	24534	24534	24534	24534	0	24534	24534	0	0	0	24534	24534	24534	0	0	24534	24534	0	24534	0	15578	0	0	0	24534	24534	24534	24534	24534	24534	0	24534	0	24534	24534	24534	24534	24534	24534	0	15592	0	0	24534	24534	24534	24534	24534	0	0	0	24534	0	24534	24534	24534	24534	24534	0	0	0	24534	24534	24534	0	0	0	24534	0	0	24534	24534	24534	0	24534	24534	0	0	15613	0	0	24534	24534	24534	24534	24534	24534	24534	0	24534	24534	0	24534	24534	0	0	0	0	24534	0	0	24534	24534	24534	0	0	24534	0	24534	24534	0	
15795	15795	15795	0	0	15806	0	0	0	15637	15637	0	15989	15989	0	15989	0	22495	0	0	22495	22495	22495	0	0	15806	0	0	15806	15806	15806	0	0	0	21521	21521	21521	21521	21521	21521	21521	0	0	0	0	0	21521	21521	0	0	0	0	21521	21521	21521	21521	0	0	21521	21521	21521	0	21521	21521	21521	21521	21521	0	21521	21521	21521	21521	0	21521	0	21521	0	21521	21521	21521	21521	21521	21521	21521	21521	0	21521	0	0	0	0	0	17771	17771	17771	0	17771	0	16039	0	0	0	15856	0	0	0	0	15856	15856	0	18459	0	0	0	0	0	0	0	0	24534	24534	0	0	0	0	24534	24534	24534	24534	0	0	0	24534	24534	0	24534	0	0	24534	24534	0	24534	24534	24534	0	0	24534	0	15709	0	24534	24534	0	0	0	0	24534	0	0	24534	24534	0	24534	24534	0	0	0	24534	24534	24534	0	0	24534	24534	24534	24534	0	0	24534	24534	24534	0	0	24534	24534	0	24534	24534	24534	24534	0	0	24534	0	0	24534	24534	0	15915	15915	0	0	24534	24534	24534	24534	24534	24534	0	0	24534	24534	24534	24534	24534	0	0	0	0	0	24534	24534	0	0	24534	0	0	0	0	24534	24534	24534	24534	0	24534	24534	24534	24534	24534	0	24534	24534	24534	24534	24534	24534	24534	24534	24534	24534	0	24534	0	24534	24534	0	24534	24534	24534	24534	0	24534	0	24534	24534	24534	24534	0	24534	24534	24534	24534	24534	0	15788	0	0	0	0	24534	24534	0	0	24534	24534	24534	24534	0	
0	0	15795	0	16668	0	0	16668	16668	0	0	0	0	15989	15989	15989	0	22495	22495	0	0	22495	0	0	0	0	0	15805	0	0	15806	0	21521	21521	21521	21521	21521	0	21521	21521	21521	21521	21521	21521	21521	0	0	21521	21521	0	0	21521	21521	0	21521	0	0	15824	0	0	21521	0	21521	21521	21521	21521	21521	0	0	0	0	0	0	21521	21521	21521	21521	21521	0	21521	21521	21521	21521	21521	0	21521	21521	21521	21521	0	15845	0	17771	0	17771	17771	17771	0	16039	16039	0	21521	0	21521	21521	0	15856	15856	0	0	18459	18459	18459	0	18459	18459	18459	18459	0	24534	24534	24534	0	24534	24534	24534	24534	24534	0	15873	15873	0	24534	24534	24534	24534	24534	0	0	24534	0	0	0	0	0	24534	24534	24534	0	0	0	24534	0	24534	24534	0	24534	24534	24534	24534	24534	24534	24534	24534	0	0	24534	24534	24534	0	0	0	24534	24534	0	0	24534	24534	24534	0	0	24534	24534	24534	24534	24534	24534	24534	0	24534	0	24534	24534	0	24534	24534	24534	0	0	15915	0	0	24534	0	24534	24534	24534	24534	24534	24534	0	24534	24534	0	24534	24534	0	15927	0	15928	0	24534	24534	24534	24534	24534	24534	24534	24534	24534	24534	24534	24534	24534	0	0	24534	24534	24534	24534	24534	24534	24534	24534	24534	24534	24534	24534	0	24534	0	24534	24534	24534	24534	24534	0	24534	24534	24534	24534	24534	0	24534	0	0	0	0	24534	0	24534	24534	24534	24534	0	24534	24534	0	0	0	0	24534	24534	24534	24534	24534	24534	24534	
16668	16668	0	16668	16668	16668	16668	16668	0	0	0	0	15987	0	0	15989	15989	0	22495	22495	22495	22495	0	22495	22495	0	22495	0	0	22495	0	22495	0	21521	0	0	0	16000	0	0	0	21521	21521	21521	21521	0	21521	21521	21521	21521	0	21521	0	0	21521	0	16011	0	21521	0	21521	21521	21521	0	21521	21521	21521	21521	0	16020	0	21521	21521	21521	0	0	0	21521	21521	21521	21521	21521	0	21521	0	21521	21521	21521	21521	21521	0	16035	0	0	17771	0	17771	0	16039	16039	0	21521	21521	21521	0	0	0	0	18459	18459	18459	0	18459	18459	0	18459	18459	18459	0	0	24534	24534	0	0	24534	24534	24534	0	24534	0	0	0	24534	24534	24534	24534	24534	0	0	24534	24534	0	24534	0	24534	24534	24534	24534	0	0	24534	24534	0	24534	24534	24534	0	0	0	24534	24534	0	24534	0	24534	24534	24534	24534	0	0	0	24534	0	24534	24534	0	24534	24534	24534	24534	24534	24534	24534	24534	0	24534	24534	24534	0	0	24534	24534	24534	24534	0	24534	24534	0	0	0	0	24534	24534	24534	24534	0	24534	0	24534	0	24534	24534	24534	24534	24534	0	0	0	24534	0	16291	0	24534	24534	24534	24534	24534	24534	0	0	24534	24534	0	24534	24534	24534	24534	0	0	0	0	24534	24534	24534	0	0	0	24534	0	24534	0	0	0	24534	24534	24534	24534	24534	0	0	0	24534	24534	24534	0	0	0	0	0	0	24534	24534	24534	0	16327	0	24534	24534	0	24534	0	24534	24534	24534	0	24534	24534	24534	
16668	16668	16668	16668	0	0	0	16668	16668	0	0	16158	0	22495	22495	0	0	22495	22495	22495	22495	22495	0	0	22495	0	22495	22495	0	22495	22495	22495	22495	0	0	22495	22495	0	21521	21521	21521	21521	21521	21521	0	0	21521	21521	21521	0	21521	21521	21521	21521	0	21521	0	0	21521	0	21521	21521	0	16192	0	21521	0	21521	21521	0	21521	21521	0	21521	21521	21521	0	0	21521	21521	21521	0	0	21521	0	21521	0	21521	0	0	21521	0	0	17771	17771	17771	17771	0	0	0	21521	21521	21521	21521	21521	21521	0	0	0	18459	18459	18459	18459	0	18459	18459	0	18459	0	0	0	0	0	16408	0	24534	24534	24534	24534	24534	0	0	24534	24534	24534	24534	0	16235	0	24534	0	24534	24534	24534	24534	24534	24534	0	0	24534	24534	24534	24534	24534	24534	24534	24534	24534	24534	0	0	0	24534	0	24534	24534	24534	0	24534	0	24534	24534	24534	0	0	0	24534	24534	0	24534	24534	24534	24534	0	0	0	0	24534	24534	24534	24534	0	24534	24534	24534	0	24534	24534	24534	24534	24534	24534	24534	24534	24534	0	24534	0	0	24534	24534	0	0	24534	24534	24534	24534	0	24534	0	16291	0	0	24534	24534	24534	24534	24534	24534	24534	0	24534	24534	24534	24534	24534	0	16305	16305	0	0	24534	24534	0	24534	24534	24534	24534	24534	24534	24534	24534	24534	0	0	0	0	24534	0	24534	24534	24534	24534	24534	0	0	0	24534	24534	0	24534	0	24534	0	16327	0	24534	24534	24534	24534	24534	24534	0	24534	0	0	0	24534	
16668	0	16668	16668	0	16504	0	16668	16668	0	22495	0	22495	22495	22495	0	16346	0	22495	0	0	22495	22495	0	22495	0	22495	22495	22495	0	0	22495	0	22495	22495	0	22495	0	21521	21521	0	21521	0	0	0	21521	21521	21521	21521	0	21521	0	0	0	0	21521	21521	21521	21521	21521	21521	0	16372	0	0	0	21521	21521	0	21521	21521	21521	21521	21521	21521	21521	21521	0	21521	21521	0	16385	0	0	21521	21521	21521	21521	0	0	21521	21521	21521	0	17771	0	17771	0	0	17771	0	21521	0	21521	21521	21521	0	16400	0	0	0	0	18459	18459	0	18459	0	18459	18459	18459	18459	0	0	16408	0	24534	24534	0	0	0	0	16411	0	24534	0	24534	0	0	24534	24534	24534	24534	24534	0	24534	0	24534	0	24534	24534	24534	0	24534	0	0	24534	24534	24534	0	16429	16429	0	24534	0	24534	24534	0	0	24534	24534	24534	24534	24534	0	0	24534	24534	24534	0	24534	0	0	24534	24534	0	0	16444	0	24534	24534	24534	0	24534	24534	0	0	24534	24534	0	24534	0	24534	0	24534	24534	24534	24534	0	0	0	24534	24534	0	24534	24534	24534	0	0	24534	0	0	0	24534	24534	24534	24534	0	0	0	24534	24534	0	24534	24534	0	0	0	0	0	24534	24534	0	0	24534	24534	24534	24534	0	24534	0	24534	24534	0	0	0	24534	24534	24534	24534	24534	0	0	0	0	0	24534	24534	24534	24534	24534	24534	0	24534	24534	0	0	24534	0	24534	0	24534	24534	0	24534	0	24534	24534	24534	
16668	0	0	16668	0	16504	0	0	16668	0	22495	0	0	22495	0	22495	0	22495	22495	0	22495	0	22495	0	22495	22495	0	22495	0	0	22495	22495	22495	22495	22495	22495	22495	22495	0	0	0	0	16524	0	21521	21521	21521	21521	0	0	21521	21521	0	0	0	21521	21521	0	21521	0	21521	21521	0	0	16705	16705	0	0	21521	21521	0	0	21521	0	0	0	21521	21521	21521	21521	0	0	0	21521	21521	0	0	21521	21521	21521	21521	21521	0	17771	17771	17771	17771	0	0	17771	17771	0	17771	0	21521	21521	21521	0	0	18459	18459	18459	0	18459	0	18459	0	18459	18459	0	0	0	16569	0	24534	24534	0	24534	0	24534	24534	0	24534	24534	24534	0	0	0	0	24534	24534	24534	24534	24534	24534	0	24534	0	24534	24534	24534	0	24534	0	0	0	0	0	0	0	0	24534	24534	24534	24534	24534	24534	24534	24534	24534	0	24534	0	24534	24534	24534	0	0	0	24534	24534	24534	0	24534	0	24534	0	24534	24534	0	0	24534	0	0	0	0	0	0	0	24534	24534	24534	0	24534	24534	24534	24534	24534	24534	0	0	0	0	0	24534	24534	24534	24534	24534	0	24534	24534	24534	24534	0	24534	24534	24534	0	24534	24534	24534	24534	24534	24534	0	24534	0	24534	0	24534	24534	0	24534	0	0	24534	24534	0	24534	24534	24534	0	16647	0	24534	0	0	0	24534	24534	24534	0	0	0	24534	0	24534	0	0	24534	24534	24534	0	24534	0	0	24534	0	24534	24534	0	24534	24534	24534	24534	24534	24534	
16668	16668	0	0	17197	0	0	22495	0	0	22495	0	22495	22495	0	22495	22495	0	22495	22495	22495	0	22495	22495	22495	22495	22495	22495	0	22495	22495	0	22495	22495	0	22495	22495	22495	0	0	0	0	0	16692	0	21521	0	21521	21521	21521	0	21521	0	0	21521	21521	0	0	21521	21521	21521	21521	0	16705	16705	0	0	0	0	21521	21521	21521	21521	21521	21521	21521	21521	21521	21521	21521	21521	0	0	21521	0	0	0	0	21521	21521	0	0	0	0	17771	17771	0	17771	17771	17771	0	17771	17771	0	21521	0	0	16729	0	0	18459	18459	0	18459	18459	18459	0	0	0	0	0	16735	0	0	24534	0	0	24534	24534	24534	24534	24534	0	24534	0	0	0	24534	24534	24534	0	24534	0	24534	24534	0	24534	0	0	0	24534	0	24534	24534	0	0	0	0	17109	17109	0	24534	24534	24534	0	24534	24534	24534	24534	24534	0	24534	24534	24534	24534	24534	24534	0	24534	0	24534	24534	0	0	24534	24534	24534	24534	0	16776	0	24534	24534	24534	24534	0	16781	0	24534	24534	0	24534	24534	0	24534	24534	24534	24534	0	0	24534	24534	0	24534	24534	0	0	0	24534	24534	24534	24534	0	0	24534	24534	24534	24534	0	24534	24534	24534	24534	24534	24534	0	24534	24534	24534	24534	24534	0	24534	24534	24534	0	24534	0	0	24534	0	0	24534	0	24534	0	16820	0	0	0	24534	24534	24534	24534	24534	0	24534	24534	24534	24534	24534	24534	24534	24534	24534	24534	0	24534	24534	24534	0	24534	24534	0	24534	24534	0	24534	
0	0	0	17197	17197	17197	0	22495	22495	0	22495	0	22495	22495	0	22495	0	22495	22495	22495	22495	22495	22495	0	0	0	0	0	0	22495	0	22495	22495	22495	0	22495	0	0	0	0	0	0	21521	0	21521	0	21521	21521	21521	21521	21521	0	17048	17048	0	21521	21521	0	21521	21521	0	0	16877	0	0	16878	0	0	21521	21521	21521	0	21521	21521	0	21521	21521	21521	21521	21521	0	17244	17244	0	21521	21521	0	21521	21521	21521	0	0	0	17252	0	17771	0	17771	0	17771	17771	17771	0	21521	21521	21521	21521	0	18459	18459	18459	18459	0	0	18459	18459	0	18459	0	18459	18459	0	24534	24534	24534	24534	0	24534	0	0	24534	24534	24534	24534	24534	0	0	0	24534	0	24534	24534	0	24534	24534	0	24534	24534	24534	0	24534	24534	0	0	0	17628	17628	0	17109	17109	0	0	0	24534	0	24534	24534	24534	0	0	24534	24534	24534	24534	0	24534	24534	24534	24534	0	0	0	24534	24534	0	24534	0	0	24534	0	24534	24534	24534	0	24534	24534	0	24534	24534	0	0	0	0	0	24534	24534	0	24534	24534	24534	24534	0	24534	24534	24534	24534	0	0	0	24534	0	0	0	17491	0	0	24534	24534	24534	24534	0	24534	24534	0	24534	24534	0	24534	0	24534	24534	24534	24534	24534	24534	0	24534	0	24534	0	24534	24534	24534	24534	24534	24534	0	24534	24534	0	24534	0	24534	0	24534	0	24534	24534	0	0	24534	24534	24534	0	24534	0	0	0	24534	0	0	0	0	24534	24534	0	24534	24534	
0	17195	0	17197	17197	0	0	22495	22495	22495	22495	22495	22495	0	0	22495	0	22495	22495	22495	0	0	22495	22495	22495	22495	0	22495	0	22495	22495	22495	22495	0	22495	22495	22495	0	21521	21521	21521	21521	21521	21521	21521	21521	21521	0	0	21521	0	0	17048	0	21521	21521	21521	21521	0	21521	21521	0	0	21521	0	0	21521	21521	21521	21521	21521	0	0	21521	0	21521	21521	21521	0	0	0	17244	0	0	21521	21521	21521	21521	21521	0	21521	21521	0	17252	0	17771	17771	17771	17771	17771	17771	0	0	0	21521	21521	0	21521	0	18459	0	18459	0	18459	18459	0	18459	18459	18459	18459	0	0	24534	24534	24534	24534	24534	24534	0	0	0	0	24534	24534	0	0	24534	0	0	0	0	0	17100	0	0	0	0	24534	24534	0	24534	0	17628	17628	17628	17628	0	17109	17109	0	17291	17291	0	0	17112	0	24534	24534	24534	24534	24534	0	24534	24534	0	24534	24534	24534	24534	24534	24534	24534	24534	24534	24534	0	24534	24534	24534	24534	24534	24534	24534	24534	24534	24534	0	0	0	24534	24534	24534	0	24534	24534	24534	0	24534	24534	0	0	0	0	0	24534	24534	24534	24534	24534	0	17491	0	17491	17491	0	24534	24534	0	24534	0	24534	24534	24534	24534	0	0	24534	24534	0	24534	0	24534	24534	0	24534	0	0	24534	24534	24534	24534	24534	24534	24534	0	24534	0	24534	24534	0	24534	0	24534	24534	24534	0	24534	0	0	24534	24534	24534	24534	0	0	24534	24534	0	0	24534	24534	0	0	24534	24534	0	0	24534	
0	17195	0	17197	17197	0	0	0	22495	22495	22495	0	0	0	22495	22495	22495	0	22495	0	22495	22495	0	22495	22495	0	22495	22495	22495	22495	0	22495	0	22495	22495	0	22495	0	21521	21521	0	0	21521	0	21521	0	21521	21521	21521	21521	0	21521	0	21521	21521	21521	0	21521	21521	0	21521	21521	21521	21521	21521	21521	21521	0	21521	0	0	0	21521	21521	0	21521	0	0	17411	0	0	17244	17244	0	0	21521	21521	21521	21521	21521	21521	21521	0	17252	0	17771	17771	0	17771	17771	17771	17771	0	21521	21521	21521	21521	21521	0	18459	18459	0	0	18459	18459	18459	18459	18459	0	18459	0	0	24534	0	24534	24534	0	24534	0	0	0	0	24534	0	24534	24534	24534	0	0	17281	17281	0	0	24534	24534	0	0	24534	24534	0	24534	0	17628	0	17628	0	17289	0	0	0	17291	17291	0	0	0	0	0	24534	24534	24534	0	18322	0	24534	24534	24534	24534	24534	0	24534	0	0	0	24534	24534	0	24534	0	24534	0	24534	24534	0	0	24534	0	0	0	24534	0	0	24534	24534	24534	24534	0	0	24534	0	24534	24534	24534	0	0	24534	0	0	24534	0	0	17491	17491	17491	17491	17491	0	24534	24534	24534	0	0	24534	24534	0	0	0	24534	0	0	24534	24534	24534	24534	24534	0	0	24534	24534	24534	24534	24534	24534	24534	0	0	0	24534	24534	24534	0	24534	0	24534	24534	24534	24534	24534	0	24534	24534	0	24534	24534	24534	24534	24534	24534	24534	24534	0	24534	0	0	24534	24534	24534	24534	24534	
0	0	0	0	0	22495	22495	22495	22495	22495	22495	0	22495	0	0	22495	0	0	0	22495	22495	22495	0	22495	0	0	22495	0	0	0	22495	22495	22495	0	22495	0	22495	22495	0	0	0	21521	21521	0	0	21521	21521	0	21521	21521	21521	21521	0	21521	21521	21521	21521	21521	0	0	21521	0	0	0	21521	21521	21521	21521	21521	21521	21521	0	21521	0	0	21521	21521	0	17411	0	0	0	0	0	24468	0	21521	0	21521	21521	21521	21521	0	0	0	17771	0	17771	17771	17771	17771	0	17423	0	0	0	21521	21521	0	18459	18459	0	18459	18459	0	0	18459	18459	0	18459	18459	18459	0	17435	0	24534	0	0	17788	0	17438	0	24534	0	0	24534	0	24534	0	0	0	0	0	0	24534	0	24534	0	24534	24534	24534	24534	0	17628	17628	17628	0	19661	0	17452	0	0	24534	0	24534	24534	24534	24534	24534	24534	0	18322	0	0	0	0	0	24534	0	0	24534	0	24534	24534	24534	0	24534	0	24534	0	24534	0	24534	0	24534	24534	24534	0	24534	24534	24534	0	24534	24534	24534	24534	24534	0	24534	24534	24534	0	24534	24534	24534	24534	24534	24534	24534	0	0	0	17491	0	0	17492	0	24534	24534	24534	24534	24534	0	17498	0	24534	0	24534	0	24534	24534	24534	24534	24534	24534	24534	24534	24534	0	0	24534	24534	24534	24534	0	24534	0	24534	24534	24534	0	24534	24534	24534	0	0	0	24534	24534	24534	24534	24534	0	0	0	24534	0	24534	24534	24534	24534	24534	24534	24534	0	24534	0	0	
17535	0	17536	0	0	0	22495	0	22495	22495	22495	22495	22495	22495	22495	22495	22495	22495	22495	22495	0	22495	22495	22495	22495	22495	22495	22495	22495	22495	0	0	0	22495	0	17560	0	22495	22495	22495	0	21521	0	0	0	0	0	0	0	0	0	21521	21521	21521	21521	21521	21521	21521	21521	0	21521	0	21521	21521	21521	0	0	21521	0	21521	21521	21521	21521	21521	0	21521	21521	21521	0	0	17586	0	17587	0	24468	24468	0	21521	21521	0	21521	21521	21521	0	21521	0	21521	0	0	0	17771	17771	0	17599	0	0	21521	21521	0	0	18459	18459	18459	0	18459	0	18459	0	18459	0	0	18459	18459	0	18459	0	0	17788	17788	17788	0	24534	24534	24534	24534	24534	24534	24534	0	0	17968	17968	0	0	24534	24534	24534	24534	24534	0	0	0	0	17628	0	0	19661	19661	0	0	24534	24534	24534	24534	24534	24534	24534	0	24534	24534	0	18322	18322	18322	18322	0	24534	24534	0	24534	24534	24534	24534	24534	0	0	24534	0	24534	24534	0	0	24534	24534	24534	24534	0	24534	0	24534	24534	24534	0	24534	24534	0	24534	24534	24534	24534	24534	0	24534	0	24534	24534	0	0	24534	0	17673	0	0	24534	0	0	24534	0	0	24534	24534	0	0	0	0	24534	24534	24534	24534	24534	0	24534	0	24534	0	24534	24534	24534	0	24534	24534	0	0	24534	24534	24534	24534	24534	24534	24534	0	0	0	24534	24534	24534	24534	0	24534	0	24534	0	24534	24534	24534	24534	0	24534	0	24534	24534	24534	0	0	24534	24534	24534	24534	
0	17715	0	0	0	17716	0	0	0	22495	0	22495	22495	22495	22495	22495	22495	0	22495	0	0	22495	0	22495	22495	22495	0	22495	22495	0	22495	0	22495	22495	22495	0	22495	22495	22495	0	21521	21521	21521	0	21521	21521	21521	21521	21521	21521	21521	0	0	21521	21521	0	21521	0	0	0	0	0	21521	21521	0	0	21521	0	0	0	0	0	21521	21521	21521	21521	0	0	0	17758	0	24468	0	24468	24468	24468	24468	0	0	0	0	0	21521	21521	21521	21521	21521	21521	21521	0	0	17771	0	0	21521	0	21521	0	21521	21521	0	0	0	18459	18459	18459	0	18459	18459	18459	18459	0	18459	18459	18459	18459	18459	0	17788	0	0	24534	24534	24534	24534	0	24534	0	0	17968	17968	0	0	0	0	0	0	24534	24534	24534	0	0	17799	0	0	0	0	19661	0	0	0	24534	24534	24534	24534	0	24534	0	24534	24534	24534	0	18322	0	18322	0	0	24534	24534	0	24534	24534	24534	24534	24534	24534	24534	24534	24534	0	17822	0	24534	0	24534	24534	24534	24534	24534	24534	24534	24534	24534	0	24534	24534	0	24534	0	24534	0	0	0	24534	24534	0	17839	0	24534	24534	0	24534	0	24534	24534	24534	24534	24534	24534	24534	0	0	24534	0	0	0	24534	24534	24534	0	0	24534	24534	24534	24534	24534	0	0	24534	24534	24534	24534	0	24534	24534	0	0	0	0	24534	24534	0	17867	0	0	24534	24534	24534	0	24534	0	17872	0	24534	0	0	0	24534	0	24534	24534	24534	24534	24534	0	0	0	24534	
0	0	17883	17883	17883	0	22495	22495	22495	22495	22495	0	22495	22495	22495	22495	0	0	22495	0	0	22495	22495	0	22495	0	22495	22495	22495	22495	22495	22495	22495	0	0	0	0	22495	22495	22495	0	0	21521	21521	0	0	0	21521	21521	0	0	0	0	21521	0	21521	21521	0	21521	0	21521	0	21521	21521	21521	21521	21521	21521	21521	21521	0	0	21521	21521	0	0	18264	0	0	0	24468	24468	24468	24468	24468	24468	0	24468	0	18112	18112	0	0	0	21521	21521	0	21521	21521	21521	21521	0	0	21521	21521	21521	21521	21521	21521	21521	21521	0	17950	0	18459	18459	18459	18459	18459	18459	0	18459	18459	0	18459	18459	18459	0	0	0	24534	24534	24534	0	24534	24534	0	18300	0	17968	0	17969	0	0	0	24534	24534	24534	0	24534	24534	24534	0	19661	19661	0	19661	19661	19661	0	19661	0	0	0	0	17982	0	0	24534	0	24534	24534	0	0	18322	0	0	0	0	0	0	0	0	0	24534	24534	0	0	24534	0	0	0	24534	24534	24534	0	0	24534	0	24534	24534	0	24534	24534	24534	24534	24534	0	0	24534	24534	24534	0	24534	0	18005	0	24534	24534	0	24534	24534	24534	0	0	24534	0	24534	0	0	24534	24534	24534	24534	24534	24534	24534	0	24534	24534	24534	0	24534	24534	24534	24534	24534	0	24534	24534	0	24534	0	24534	24534	24534	24534	24534	24534	0	24534	24534	0	24534	24534	24534	24534	24534	24534	24534	0	0	24534	24534	0	0	24534	0	24534	24534	0	24534	24534	0	0	18053	0	24534	
18056	18056	0	0	0	0	0	22495	22495	22495	0	22495	0	22495	0	22495	22495	22495	0	18065	0	22495	22495	22495	0	22495	22495	22495	0	22495	0	0	22495	22495	22495	22495	22495	22495	22495	22495	22495	0	21521	21521	21521	21521	21521	0	21521	21521	21521	0	0	0	0	21521	21521	0	21521	21521	21521	21521	21521	21521	0	0	21521	21521	0	0	18262	18262	0	21521	0	18264	18264	0	0	24468	24468	24468	0	0	24468	24468	24468	24468	0	18112	0	0	18113	0	0	21521	0	21521	21521	0	21521	21521	21521	21521	21521	0	21521	21521	21521	21521	21521	0	0	0	18459	18459	0	0	0	18459	18459	18459	0	0	18459	0	18459	0	19303	19303	0	24534	0	0	24534	0	18300	18300	18300	0	0	0	0	0	0	24534	24534	0	0	24534	24534	0	0	0	19661	19661	19661	0	19661	19661	19661	0	18151	0	18316	0	0	0	24534	0	0	0	18322	18322	18322	18322	0	18158	0	18159	0	24534	24534	24534	24534	24534	24534	24534	24534	24534	0	24534	24534	24534	0	18172	0	0	24534	24534	0	0	24534	24534	0	0	0	24534	0	24534	24534	24534	24534	24534	24534	0	0	0	0	18184	0	0	24534	24534	24534	0	24534	24534	24534	24534	24534	24534	24534	24534	24534	24534	24534	24534	0	0	24534	24534	0	0	24534	0	24534	0	24534	0	0	24534	0	0	24534	0	24534	0	0	24534	24534	24534	0	0	0	24534	0	24534	0	0	24534	24534	24534	24534	24534	0	24534	24534	24534	24534	24534	24534	24534	0	0	0	18225	0	
0	0	0	0	22495	22495	22495	22495	0	22495	0	22495	0	22495	0	0	22495	22495	0	0	0	0	22495	22495	22495	22495	0	22495	22495	0	18571	18571	0	0	0	0	22495	22495	22495	22495	22495	0	0	21521	0	21521	21521	0	21521	0	21521	21521	21521	21521	21521	0	0	0	0	21521	0	0	21521	21521	21521	0	0	21521	0	0	0	18262	0	0	18760	0	18264	0	24468	24468	0	0	18441	0	24468	24468	0	24468	24468	0	24468	24468	0	0	24468	0	0	21521	21521	0	21521	0	0	0	21521	21521	21521	0	21521	0	0	0	21521	0	18459	0	21521	21521	0	18459	18459	18459	18459	18459	18459	0	0	19303	19303	19303	19303	0	0	24534	24534	24534	0	0	18300	18300	0	18470	18470	18470	18470	0	24534	24534	0	24534	24534	0	0	19661	19661	19661	0	18312	0	19661	0	19834	0	18316	18316	0	24534	24534	24534	0	0	24534	0	0	18322	18322	0	0	18323	0	24534	24534	0	24534	0	24534	24534	24534	24534	0	0	24534	0	24534	24534	0	0	18334	0	24534	24534	24534	24534	0	24534	24534	24534	24534	0	24534	24534	0	24534	0	24534	0	18347	0	24534	0	24534	24534	24534	24534	24534	24534	24534	24534	24534	0	0	24534	24534	0	24534	24534	24534	24534	24534	24534	0	0	0	24534	24534	0	24534	0	0	0	0	0	24534	0	24534	24534	24534	24534	24534	24534	24534	24534	0	24534	24534	24534	0	0	24534	24534	24534	24534	24534	24534	24534	24534	0	0	24534	24534	0	24534	0	0	24534	0	0	18393	
0	0	22495	22495	22495	0	22495	22495	22495	22495	22495	22495	22495	0	22495	0	22495	22495	22495	22495	22495	0	22495	22495	22495	0	0	22495	0	18571	18571	18571	0	18417	0	18573	0	0	22495	22495	22495	0	0	0	0	21521	21521	21521	21521	0	21521	21521	0	21521	21521	0	0	0	0	0	0	18928	0	0	21521	0	18432	0	0	24468	0	0	18760	18760	18760	18760	0	24468	24468	0	18440	0	18441	0	0	0	0	24468	24468	0	0	24468	0	0	24468	24468	0	0	0	0	21521	0	0	21521	21521	0	21521	0	21521	21521	21521	21521	21521	21521	0	0	21521	0	21521	0	0	0	0	18459	0	18460	0	19303	19303	19303	19303	0	24534	24534	24534	0	24534	24534	0	0	0	0	0	18470	0	24534	24534	24534	0	24534	0	19661	19661	19661	0	0	0	0	0	0	19834	19834	19834	0	0	18481	0	0	0	24534	24534	24534	0	0	0	0	0	24534	0	0	24534	0	24534	24534	0	24534	24534	24534	24534	24534	24534	24534	24534	0	0	24534	24534	0	24534	0	0	24534	24534	24534	24534	24534	24534	0	24534	0	24534	24534	24534	24534	0	0	0	0	24534	0	24534	24534	24534	0	24534	0	0	0	0	18689	18689	0	0	24534	24534	0	0	24534	24534	24534	0	18523	0	24534	24534	0	0	0	24534	24534	24534	24534	24534	0	24534	24534	24534	24534	24534	0	24534	24534	24534	24534	24534	0	24534	24534	0	24534	0	24534	24534	24534	0	24534	24534	0	24534	0	24534	24534	24534	24534	24534	24534	0	0	
0	18720	0	22495	0	18558	0	22495	22495	22495	0	22495	0	0	22495	0	22495	0	0	22495	22495	0	0	0	22495	22495	0	22495	22495	0	18571	0	0	0	18573	18573	0	18574	0	0	22495	22495	22495	0	18578	0	21521	21521	21521	21521	0	0	0	21521	0	18584	0	0	18586	18586	0	18928	0	18928	0	24468	0	0	0	24468	24468	24468	0	18760	18760	18760	0	0	24468	24468	0	24468	0	24468	0	24468	24468	0	0	24468	24468	24468	0	24468	24468	0	18946	18946	0	0	0	21521	0	0	0	0	21521	21521	0	21521	21521	0	0	21521	21521	21521	21521	21521	21521	21521	21521	21521	21521	0	21521	0	18625	0	0	19303	0	19303	0	24534	24534	0	24534	24534	0	0	18809	18809	0	0	0	0	0	24534	24534	24534	0	19661	0	19661	19661	0	18817	18817	0	19152	0	19834	19834	19834	19834	0	24534	24534	24534	24534	24534	0	24534	24534	24534	0	24534	24534	24534	24534	24534	24534	0	24534	0	24534	24534	24534	24534	0	0	24534	24534	24534	0	0	24534	24534	24534	24534	0	24534	24534	0	0	0	24534	0	24534	0	24534	24534	24534	24534	0	18681	0	0	24534	24534	24534	0	24534	24534	24534	0	0	18688	0	18689	0	0	19199	0	0	18691	0	0	24534	0	18867	0	0	0	0	24534	24534	0	0	0	24534	24534	24534	24534	0	0	24534	0	0	0	24534	24534	24534	0	24534	24534	0	24534	24534	24534	0	0	24534	0	0	24534	0	24534	24534	0	24534	24534	24534	24534	0	24534	24534	24534	
0	18720	0	22495	22495	0	0	0	22495	22495	22495	22495	22495	22495	22495	0	0	22495	22495	22495	0	0	21288	0	0	22495	22495	0	22495	22495	0	0	19078	19078	0	0	0	0	0	18740	0	0	22495	0	0	21521	21521	21521	0	21521	0	0	21521	21521	21521	0	24468	0	0	0	0	18928	18928	18928	0	24468	24468	24468	0	24468	0	24468	0	18760	18760	18760	0	24468	24468	24468	24468	24468	24468	24468	24468	24468	24468	24468	24468	24468	24468	24468	24468	24468	0	18946	18946	0	21521	21521	21521	21521	0	0	0	0	21521	0	0	21521	21521	0	21521	21521	0	0	21521	21521	21521	21521	21521	21521	21521	21521	21521	0	0	18798	0	19303	19303	19303	19303	0	24534	24534	24534	24534	24534	24534	0	18809	0	18810	0	18976	0	0	24534	24534	0	0	19661	19661	19661	0	18817	0	19152	19152	0	19834	19834	19834	19834	0	0	24534	24534	24534	0	24534	24534	0	24534	0	24534	0	24534	24534	24534	0	24534	0	18835	0	24534	24534	0	24534	0	24534	24534	24534	0	24534	24534	24534	24534	24534	24534	24534	0	0	24534	24534	0	24534	24534	0	24534	24534	24534	0	0	0	0	0	0	24534	0	24534	24534	24534	0	18860	0	0	24534	0	19199	0	19199	19199	19199	0	0	18866	0	0	18867	0	0	24534	24534	24534	0	19035	0	0	24534	24534	24534	24534	24534	0	24534	0	24534	24534	24534	0	24534	24534	0	0	0	0	24534	24534	24534	0	0	24534	24534	0	24534	24534	0	0	0	24534	0	0	24534	24534	0	24534	
0	0	0	22495	0	19065	19065	19065	0	22495	22495	0	22495	0	0	19068	0	0	0	22495	0	21288	21288	21288	21288	0	22495	22495	22495	0	22495	22495	0	19078	19078	19078	19078	0	0	0	0	0	22495	0	0	21521	0	21521	21521	0	24468	24468	0	0	0	24468	24468	24468	24468	24468	24468	0	18928	0	24468	24468	24468	24468	24468	24468	24468	0	18936	0	0	0	20323	0	0	0	0	0	24468	24468	0	0	0	24468	24468	24468	24468	0	0	24468	0	18946	18946	0	21521	21521	21521	21521	0	21521	21521	21521	0	0	21521	21521	21521	0	0	0	21521	21521	21521	21521	21521	0	21521	21521	21521	21521	21521	0	24534	0	19303	19303	0	19303	19303	19303	0	0	24534	24534	24534	0	0	0	0	0	0	18976	0	24534	24534	0	0	18979	0	0	19661	19661	0	0	19152	19152	0	19834	19834	19834	19834	0	19324	0	0	24534	24534	24534	24534	24534	24534	0	0	0	24534	24534	24534	24534	24534	0	0	24534	24534	24534	24534	24534	24534	0	24534	0	24534	24534	0	24534	24534	24534	24534	0	24534	24534	24534	0	0	24534	0	0	0	24534	0	0	0	24534	0	24534	24534	0	0	24534	24534	24534	24534	0	0	24534	24534	0	19199	19199	19199	0	0	0	20059	0	0	19031	0	0	19205	0	24534	24534	0	19035	0	0	24534	0	24534	0	24534	24534	0	0	24534	0	0	24534	24534	24534	24534	24534	24534	24534	0	0	0	19048	0	24534	24534	0	24534	24534	0	0	24534	24534	24534	24534	24534	24534	0	24534	
0	22495	22495	22495	0	19065	19065	19065	0	0	22495	22495	0	0	0	19068	0	19241	0	0	0	21288	21288	0	21288	21288	0	0	22495	22495	22495	0	0	19078	19078	0	0	0	19411	19411	19411	0	0	21521	0	21521	21521	0	21521	0	0	24468	24468	24468	24468	24468	24468	24468	24468	24468	24468	0	0	19096	0	24468	24468	0	24468	0	0	0	0	20323	20323	20323	20323	0	20323	20323	0	19106	0	0	20323	20323	0	0	24468	0	24468	24468	24468	24468	0	0	0	0	21521	21521	21521	21521	21521	0	21521	21521	21521	0	21521	21521	0	19124	0	21521	21521	21521	21521	21521	0	21521	21521	0	0	0	0	24534	24534	0	19303	19303	19303	19303	19303	0	19304	19304	0	24534	0	24534	24534	24534	24534	24534	0	0	0	24534	0	24534	0	0	0	0	19661	19661	19661	0	19152	0	0	0	0	0	19834	0	19324	19324	0	0	24534	0	0	24534	24534	24534	24534	24534	24534	0	24534	24534	0	0	24534	24534	24534	24534	24534	0	0	24534	24534	24534	0	0	0	24534	24534	0	24534	24534	24534	24534	24534	24534	24534	24534	24534	24534	24534	0	24534	0	24534	24534	24534	24534	0	0	24534	24534	0	24534	24534	24534	24534	0	24534	24534	0	19199	0	20059	20059	0	20059	20059	0	0	19204	0	19205	0	24534	0	19714	0	24534	24534	24534	0	0	19211	0	0	24534	24534	0	24534	24534	24534	24534	0	24534	24534	24534	24534	0	0	0	0	0	24534	0	0	24534	0	24534	24534	24534	0	0	0	24534	0	24534	24534	
22495	22495	0	22495	22495	0	0	0	22495	22495	22495	0	22495	22495	22495	0	19241	19241	0	0	21288	21288	21288	21288	21288	21288	21288	21288	0	22495	0	19251	0	0	0	19252	0	19253	0	0	19411	19411	0	21521	0	21521	0	19258	0	0	19416	0	0	0	0	24468	24468	0	24468	0	0	0	24468	0	24468	24468	0	19266	0	0	19267	0	0	0	20323	0	20323	20323	0	20323	0	0	0	20323	20323	20323	0	24468	24468	24468	24468	0	0	0	0	21521	21521	21521	21521	21521	21521	0	21521	21521	21521	21521	0	21521	21521	0	19291	0	0	21521	0	21521	21521	21521	0	21521	0	21521	21521	0	0	0	24534	24534	0	19303	0	0	19303	19303	0	19304	0	0	24534	24534	0	24534	24534	0	24534	24534	24534	24534	24534	24534	24534	24534	0	0	0	19661	19661	19661	0	19834	19834	19834	0	0	19834	0	19324	0	0	19325	0	24534	24534	24534	24534	24534	24534	24534	0	0	0	24534	24534	24534	24534	0	24534	0	0	0	24534	0	24534	0	19340	0	0	24534	24534	24534	24534	0	24534	24534	0	24534	24534	24534	24534	24534	24534	24534	24534	0	0	0	0	24534	0	0	24534	0	0	24534	24534	0	24534	24534	24534	0	19362	0	0	20059	20059	20059	20059	20059	20059	0	0	0	0	0	24534	0	19714	0	0	0	24534	24534	24534	0	0	19374	0	24534	0	24534	24534	24534	24534	0	24534	0	0	0	24534	0	0	24534	24534	24534	0	24534	0	23548	0	0	0	24534	24534	24534	24534	24534	24534	24534	
0	22495	0	22495	22495	0	0	22495	22495	22495	0	0	22495	0	22495	22495	0	0	0	19403	0	21288	0	21288	0	21288	21288	0	0	0	19408	0	0	0	0	0	19409	0	0	0	19411	19411	0	21521	21521	21521	0	0	0	19416	19416	0	24468	24468	24468	24468	24468	24468	24468	24468	0	0	24468	24468	0	24468	24468	0	0	0	0	24468	24468	0	20323	20323	20323	20323	20323	20323	0	0	0	20323	20323	20323	0	24468	24468	0	0	19626	0	0	21521	21521	21521	21521	21521	0	21521	21521	0	21521	21521	21521	21521	21521	0	0	0	0	19455	0	19456	0	21521	21521	21521	21521	21521	21521	0	0	19464	19464	0	24534	24534	0	19467	0	0	0	24534	0	0	24534	24534	24534	24534	24534	24534	0	0	0	24534	24534	24534	0	0	24534	24534	24534	0	19661	19661	19661	0	19834	19834	19834	19834	19834	19834	19834	0	19491	0	0	24534	24534	0	0	0	24534	24534	24534	24534	24534	0	0	0	24534	24534	0	0	24534	0	24534	24534	24534	0	24534	0	0	24534	24534	24534	24534	24534	0	24534	0	24534	24534	24534	24534	24534	0	0	24534	0	0	24534	0	24534	24534	0	24534	24534	0	0	24534	24534	24534	24534	24534	24534	24534	0	19530	0	20059	20059	0	20059	20059	20059	20059	0	19538	19538	0	24534	0	19714	19714	19714	0	24534	24534	24534	0	24534	0	24534	24534	24534	0	0	24534	0	24534	0	24534	24534	0	24534	24534	0	24534	0	24534	24534	24534	0	23548	0	23548	0	0	0	24534	0	0	24534	24534	
22495	0	22495	22495	22495	22495	22495	22495	22495	22495	22495	0	22495	22495	22495	0	21979	21979	21979	0	21288	21288	21288	21288	21288	21288	0	21290	21290	21290	0	0	20468	20468	20468	20468	0	20468	0	21521	0	0	0	0	0	21521	21521	21521	21521	0	0	0	24468	0	24468	0	24468	24468	24468	24468	24468	0	0	24468	0	24468	24468	24468	24468	24468	24468	24468	0	0	0	20323	20323	20323	20323	0	20323	20323	0	20323	20323	0	24468	24468	24468	0	0	19626	0	21521	21521	21521	21521	21521	0	19964	0	0	0	21521	21521	21521	21521	0	0	21521	0	19638	0	19812	0	0	21521	21521	0	21521	0	0	19643	0	0	0	0	0	24534	24534	0	24534	24534	24534	24534	24534	24534	24534	24534	0	24534	24534	24534	0	0	24534	24534	0	24534	0	0	0	0	0	19660	0	19661	0	0	0	19834	0	0	19834	19834	0	0	0	0	20009	0	0	24534	24534	24534	24534	24534	24534	24534	0	0	24534	0	24534	24534	24534	24534	24534	24534	24534	0	24534	0	24534	24534	0	0	0	0	24534	24534	24534	0	24534	0	24534	24534	24534	24534	24534	24534	24534	24534	24534	24534	0	0	24534	24534	24534	24534	24534	24534	24534	24534	0	0	0	24534	24534	24534	0	0	0	0	0	0	20059	20059	0	20059	0	0	24534	24534	0	19714	0	0	24534	24534	24534	24534	24534	24534	24534	24534	0	24534	0	0	0	24534	24534	24534	24534	24534	24534	24534	24534	0	0	24534	24534	0	0	23548	23548	23548	23548	23548	23548	0	24534	0	24534	24534	24534	
22495	22495	22495	0	0	22495	0	0	22495	22495	22495	0	22495	0	0	19752	0	21979	0	19754	0	21288	0	0	21288	21288	0	21290	0	0	0	20468	20468	20468	20468	20468	20468	20468	0	21521	21521	21521	0	21521	21521	21521	0	0	21521	0	0	24468	0	0	0	20126	0	24468	24468	24468	24468	0	0	24468	24468	24468	24468	0	24468	24468	0	24468	24468	24468	0	0	0	20323	20323	20323	20323	20323	20323	20323	0	24468	24468	24468	24468	24468	24468	0	0	0	21521	0	21521	0	0	19964	0	0	0	21521	0	21521	21521	21521	21521	21521	0	0	19812	19812	19812	0	0	21521	21521	21521	21521	0	0	0	0	0	0	24534	24534	24534	0	24534	0	24534	0	24534	0	24534	24534	0	0	24534	24534	24534	0	24534	24534	0	24534	0	0	0	0	0	0	21211	0	19832	0	0	0	0	0	19834	19834	0	24534	24534	0	20009	0	0	24534	0	24534	0	24534	24534	24534	0	0	24534	24534	0	24534	0	24534	0	24534	0	19848	0	24534	24534	0	0	20739	0	24534	24534	24534	0	24534	24534	24534	0	0	0	0	24534	0	24534	24534	24534	0	0	24534	24534	24534	0	24534	24534	24534	24534	0	21090	21090	21090	0	24534	0	0	24534	0	0	24534	0	0	20059	0	20059	0	24534	24534	0	19879	0	0	24534	24534	0	0	0	0	0	0	24534	24534	24534	0	24534	0	24534	0	0	24534	0	0	24534	24534	24534	0	24534	0	24534	0	0	23548	0	0	23548	0	24534	24534	0	24534	24534	24534	
22495	22495	22495	22495	22495	22495	22495	22495	22495	22495	22495	0	22495	0	21979	0	0	21979	21979	0	21288	0	21288	0	21288	0	0	21290	21290	21290	21290	0	0	0	20468	20468	20468	0	21521	21521	21521	21521	21521	21521	0	0	19931	0	0	24468	24468	24468	0	20126	20126	20126	0	24468	24468	24468	24468	24468	24468	0	0	24468	24468	24468	0	24468	24468	24468	0	24468	24468	24468	24468	0	0	20323	0	0	20323	0	19956	0	0	0	24468	24468	0	0	21521	21521	21521	0	0	24468	0	19964	19964	0	21521	21521	21521	0	21521	21521	21521	0	21521	21521	0	0	0	0	21521	0	21521	21521	21521	21521	21521	0	0	24534	24534	24534	24534	24534	24534	0	0	24534	24534	0	0	24534	0	24534	24534	24534	24534	24534	24534	24534	24534	0	24534	0	21211	21211	21211	21211	21211	21211	21211	0	0	21373	21373	21373	0	0	0	0	24534	0	20009	20009	0	24534	24534	24534	24534	0	0	0	24534	24534	24534	0	24534	24534	24534	0	24534	24534	0	24534	0	20023	0	24534	0	20739	20739	0	0	24534	24534	24534	0	24534	24534	24534	0	24534	24534	24534	24534	24534	0	24534	24534	24534	24534	24534	24534	0	24534	24534	24534	0	21090	21090	0	21090	0	24534	0	24534	24534	24534	24534	24534	24534	0	20059	20059	20059	0	24534	24534	24534	0	20063	0	0	24534	24534	24534	0	24534	24534	24534	24534	24534	24534	0	24534	0	0	24534	24534	24534	24534	24534	0	24534	24534	24534	24534	24534	24534	0	23548	23548	23548	23548	0	20089	0	24534	0	24534	24534	24534	
0	22495	0	0	22495	22495	0	22495	0	22495	22495	22495	22495	0	21979	21979	21979	21979	0	0	21288	21288	21288	21288	21288	0	0	0	21290	0	21290	0	20468	20468	20468	0	20468	0	21521	21521	21521	0	0	21521	0	20121	0	24468	0	24468	0	24468	24468	0	20126	0	0	24468	0	24468	24468	24468	24468	24468	24468	0	0	24468	0	0	24468	24468	24468	24468	24468	24468	24468	0	20323	20323	20323	20323	20323	20323	0	24468	24468	24468	24468	24468	0	24468	0	0	0	24468	24468	24468	24468	0	0	0	21521	21521	21521	21521	21521	0	21521	0	0	21521	21521	21521	0	0	21521	21521	21521	0	21521	21521	0	24534	24534	24534	0	24534	24534	24534	24534	0	20179	0	0	24534	24534	24534	0	24534	24534	24534	24534	0	24534	24534	24534	0	0	0	21211	0	21211	0	21211	21211	21211	0	0	21373	21373	21373	21373	0	20199	0	24534	0	0	0	24534	24534	0	24534	0	0	0	0	24534	24534	24534	24534	24534	0	24534	0	24534	24534	24534	24534	0	0	24534	24534	0	0	20739	0	24534	0	24534	0	24534	24534	24534	0	24534	24534	24534	24534	24534	0	0	24534	24534	24534	24534	24534	0	24534	24534	24534	0	0	21090	0	21090	21090	0	24534	0	0	24534	0	24534	0	24534	24534	0	0	0	0	24534	24534	24534	0	0	24534	24534	24534	0	24534	0	24534	24534	24534	24534	24534	24534	24534	24534	0	0	24534	24534	24534	24534	0	0	0	24534	24534	24534	24534	0	23548	0	23548	23548	0	24534	0	24534	24534	0	24534	24534	24534	
22495	0	0	22495	22495	22495	22495	0	22495	0	22495	22495	22495	0	21979	21979	21979	21979	21979	0	21288	0	21288	21288	21288	0	21290	21290	21290	0	0	0	20468	20468	0	20298	0	21521	21521	0	21521	21521	21521	0	21521	0	0	24468	0	24468	24468	24468	0	0	0	20309	0	0	20828	0	0	0	24468	24468	0	24468	24468	24468	24468	24468	24468	24468	0	24468	0	24468	0	0	20323	0	20323	0	0	0	24468	24468	24468	24468	0	24468	0	24468	0	0	0	24468	24468	0	24468	24468	0	0	0	21521	21521	21521	21521	0	21521	21521	21521	21521	0	0	0	21521	21521	21521	0	21192	0	0	21192	0	24534	0	24534	24534	24534	0	24534	24534	0	0	24534	24534	0	24534	24534	0	24534	24534	24534	0	0	24534	24534	0	0	0	0	21211	21211	21211	21211	0	21211	21211	21211	0	0	21373	0	0	0	0	24534	24534	24534	24534	0	24534	24534	0	24534	0	24534	24534	0	24534	24534	24534	24534	0	24534	24534	24534	0	0	24534	24534	24534	24534	0	20390	0	20739	0	24534	24534	24534	0	24534	24534	0	20397	0	0	24534	0	24534	24534	24534	24534	24534	24534	24534	24534	0	24534	0	0	21090	21090	21090	21090	21090	0	0	24534	24534	24534	24534	24534	24534	24534	0	0	0	0	0	24534	24534	0	0	0	0	0	24534	0	24534	24534	0	0	24534	0	24534	24534	0	0	0	24534	24534	24534	0	0	0	20785	20785	20785	0	24534	0	0	23548	23548	0	23548	0	24534	24534	24534	24534	24534	24534	24534	0	24534	
22495	0	22495	22495	22495	22495	0	22495	22495	0	22495	22495	22495	0	0	21979	0	21979	0	21288	21288	21288	21288	21288	0	21290	21290	21290	21290	0	0	20468	20468	0	24468	0	0	0	21521	0	0	21521	21521	21521	21521	0	24468	24468	0	0	0	24468	0	20656	20656	0	21154	0	20828	0	0	0	24468	0	0	24468	24468	0	0	24468	24468	24468	24468	0	0	24468	24468	0	0	0	0	0	0	0	24468	24468	24468	24468	24468	24468	24468	24468	24468	24468	0	24468	24468	24468	24468	0	0	21521	21521	21521	21521	0	21521	0	21521	21521	0	21521	21521	21521	21521	21521	21521	21521	0	21192	21192	21192	21192	0	24534	24534	24534	0	0	0	24534	0	0	24534	24534	0	24534	0	24534	24534	0	24534	24534	24534	24534	24534	24534	24534	24534	24534	0	21211	21211	21211	21211	21211	0	0	21211	0	21373	21373	21373	0	20550	0	24534	24534	24534	24534	24534	24534	24534	24534	24534	0	24534	24534	24534	0	24534	24534	0	0	0	24534	24534	24534	24534	24534	0	24534	0	24534	0	0	20739	0	24534	24534	24534	24534	24534	0	21079	0	20916	20916	0	0	24534	24534	0	0	24534	24534	0	24534	24534	0	0	21090	0	21090	21090	21090	21090	0	0	0	0	24534	0	24534	24534	0	21766	21766	0	21766	21766	0	24534	24534	0	0	24534	0	0	0	24534	0	21429	21429	0	24534	24534	24534	24534	0	24534	24534	24534	24534	0	24534	24534	0	20785	20785	0	24534	24534	24534	0	23548	23548	23548	0	0	24534	0	0	0	24534	0	24534	24534	
22495	22495	0	0	0	22495	22495	22495	22495	22495	22495	22495	0	22495	22495	0	0	21979	0	21288	21288	21288	21288	0	0	0	0	21290	0	21290	21290	0	0	0	24468	24468	0	0	0	0	21521	21521	0	21521	21521	21521	0	24468	0	0	24468	24468	0	0	20656	0	21154	0	20828	0	24468	24468	24468	24468	24468	24468	24468	0	0	24468	0	24468	24468	24468	0	24468	24468	24468	24468	24468	0	20675	0	24468	24468	24468	0	24468	24468	0	0	0	0	0	24468	24468	0	24468	24468	0	21521	21521	0	21521	21521	0	21521	21521	0	21521	0	21521	21521	0	0	21521	21521	21521	0	21192	0	21192	0	0	0	24534	24534	24534	0	0	24534	0	0	0	0	24534	24534	24534	24534	0	20707	0	0	24534	24534	24534	0	24534	0	24534	0	0	21211	0	21211	21211	21211	21211	21211	0	21373	21373	21373	0	0	21373	0	24534	0	0	24534	24534	24534	0	0	0	24534	0	24534	0	0	24534	0	24534	24534	24534	0	0	24534	0	24534	24534	24534	24534	24534	0	20739	0	24534	0	24534	24534	24534	0	21079	21079	0	20916	20916	0	0	0	21405	0	24534	0	24534	24534	24534	0	21090	21090	21090	21090	0	0	21090	21090	21090	0	24534	24534	24534	0	0	0	0	21766	21766	21766	0	0	24534	24534	24534	0	24534	24534	24534	24534	24534	0	0	21429	0	24534	24534	0	24534	24534	24534	24534	0	24534	24534	24534	0	20784	0	20785	0	24534	24534	24534	0	0	23548	23548	23548	23548	0	20793	0	20955	0	24534	24534	0	
0	22495	22495	22495	0	22495	22495	22495	22495	22495	22495	0	22495	22495	0	21979	21979	21979	21979	0	0	21288	0	0	0	21290	21290	21290	21290	21290	0	0	24468	0	0	24468	24468	0	0	24468	0	0	0	0	21521	0	0	24468	24468	0	24468	0	20826	0	0	0	21154	0	20828	0	24468	0	0	0	0	0	24468	24468	24468	0	20833	0	24468	24468	24468	0	0	0	24468	24468	24468	0	24468	24468	24468	24468	0	24468	24468	24468	24468	24468	24468	24468	24468	24468	24468	0	0	21019	0	21521	21521	21521	21521	21521	21521	0	0	21521	0	0	21521	21521	0	0	21521	21521	21521	0	0	21192	21192	21192	0	0	0	24534	24534	0	0	21196	0	24534	24534	24534	24534	24534	0	24534	0	24534	0	0	24534	24534	0	0	20882	0	0	0	0	0	0	21211	21211	0	0	0	21373	21373	21373	21373	21373	21373	0	24534	24534	0	24534	24534	24534	24534	24534	0	24534	0	24534	24534	24534	24534	0	24534	0	24534	0	24534	24534	0	0	24534	24534	24534	24534	0	0	24534	0	0	0	0	24534	0	21079	21079	21079	0	20916	0	21405	21405	21405	21405	0	20921	0	0	24534	0	0	0	21090	21090	0	21246	0	21090	21090	0	0	24534	24534	24534	0	21766	21766	21766	0	0	0	0	24534	24534	0	0	24534	24534	24534	24534	0	24534	0	21429	21429	0	24534	24534	24534	24534	24534	0	24534	24534	0	0	0	0	0	0	0	0	24534	0	0	0	23548	0	0	23548	23548	0	20955	20955	0	0	0	21118	
22495	22495	0	22495	22495	0	0	22495	0	22495	22495	22495	22495	22495	0	21979	21979	21979	0	20970	0	21288	21288	21288	0	21290	21290	21290	0	0	24468	0	24468	24468	24468	0	24468	24468	24468	24468	24468	0	0	0	0	0	24468	24468	24468	0	24468	24468	0	24468	0	21154	21154	21154	0	24468	24468	0	24468	24468	24468	24468	0	24468	24468	24468	0	21004	0	0	24468	24468	0	0	0	24468	24468	24468	24468	24468	24468	24468	0	24468	0	0	24468	0	24468	0	0	24468	24468	0	0	21019	0	0	0	0	21521	21521	0	0	21521	21521	0	21521	21521	21521	21521	0	0	0	0	0	22213	0	21192	21192	0	0	24534	24534	24534	0	0	21196	21196	0	24534	0	24534	24534	24534	24534	0	24534	24534	0	24534	24534	0	0	0	0	0	0	0	21045	0	0	21211	0	0	21373	21373	0	21373	21373	0	0	24534	24534	0	0	0	0	24534	0	24534	24534	24534	0	0	24534	24534	0	24534	24534	24534	24534	24534	24534	24534	24534	24534	0	0	24534	24534	24534	24534	24534	24534	24534	24534	0	0	24534	0	21079	21079	21079	0	0	21405	21405	21405	21405	21405	0	0	0	0	24534	0	21090	21090	0	21246	21246	0	21090	0	24534	24534	24534	24534	0	21766	21766	21766	0	21766	0	0	0	24534	24534	0	24534	0	0	0	24534	24534	24534	24534	0	21429	0	0	0	24534	0	0	21266	0	0	21110	21110	0	22482	22482	22482	0	0	0	0	23548	0	0	0	23548	23548	0	0	0	0	21117	0	0	21118	
22495	0	22495	22495	0	22495	22495	0	21283	0	22495	22495	22495	22495	0	21979	21979	21979	21979	0	0	21288	0	0	0	0	21290	0	21135	0	24468	24468	24468	24468	24468	24468	24468	24468	0	0	24468	0	21300	0	0	0	0	24468	24468	24468	0	24468	24468	24468	0	21154	0	21154	21154	0	24468	24468	24468	24468	24468	24468	0	24468	0	24468	24468	0	0	0	24468	0	24468	24468	24468	24468	0	0	24468	0	0	0	0	24468	24468	0	24468	24468	24468	0	24468	0	24468	0	24468	0	24468	24468	24468	24468	0	0	0	0	0	0	21521	21521	21521	21521	0	0	21187	21187	0	22213	22213	0	21192	21192	21192	0	24534	24534	0	24534	0	21196	0	0	24534	24534	24534	24534	24534	0	24534	24534	24534	0	24534	24534	0	24494	24494	24494	0	24494	0	0	0	0	21211	0	0	0	21373	21373	21373	0	21216	21216	0	24534	24534	0	22234	22234	0	24534	24534	24534	24534	24534	0	24534	0	24534	0	0	0	24534	24534	24534	24534	0	0	0	24534	24534	0	0	0	24534	24534	0	0	24534	24534	24534	24534	0	0	0	0	0	21405	21405	0	0	0	21242	0	0	24534	24534	24534	0	0	0	0	21246	0	0	24534	24534	0	24534	0	21766	21766	0	21766	21766	21766	21766	0	0	24534	24534	24534	24534	0	0	21260	0	24534	24534	0	21429	21429	0	0	0	24534	0	0	21266	0	0	0	0	21267	0	0	22482	22482	0	23548	23548	23548	23548	0	0	23548	0	0	0	23548	0	0	0	21276	0	
0	22495	22495	22495	22495	22495	22495	0	21283	0	0	0	22495	22495	22495	0	0	0	21979	0	0	21288	0	0	0	0	21290	21290	0	0	24468	24468	24468	0	24468	24468	0	24468	24468	24468	24468	0	21300	0	24468	24468	0	24468	24468	24468	24468	24468	24468	24468	24468	0	24468	0	0	24468	24468	24468	24468	24468	24468	24468	24468	24468	24468	0	24468	24468	24468	24468	24468	0	24468	0	24468	24468	0	0	0	0	0	0	24468	24468	0	0	24468	24468	24468	24468	24468	24468	24468	0	24468	24468	24468	0	24468	24468	24468	24468	0	21688	0	0	0	21521	0	0	0	0	0	0	0	22213	22213	0	0	0	0	24534	24534	0	0	24534	0	0	24534	0	24534	24534	24534	24534	24534	24534	24534	24534	0	24534	24534	24534	24534	0	0	24494	24494	24494	24494	24494	0	0	0	21371	0	21372	0	0	21373	0	0	0	0	0	0	22234	22234	0	24534	24534	24534	0	0	24534	24534	0	24534	24534	24534	24534	24534	24534	24534	24534	24534	24534	24534	24534	24534	0	24534	0	0	24534	24534	24534	24534	24534	0	24534	24534	0	21402	0	0	21403	0	21405	21405	0	21406	0	24534	24534	0	0	24534	24534	0	24534	24534	0	21413	0	24534	0	24534	24534	24534	0	21766	21766	21766	0	0	0	24534	0	24534	24534	24534	24534	24534	0	0	21427	0	24534	0	21429	0	0	24534	24534	24534	0	21962	0	21962	21962	21962	0	0	0	22482	22482	22482	0	0	0	23548	23548	23548	23548	23548	23548	0	23548	23548	23548	23548	23548	0	23548	
22495	22495	22495	22495	0	0	0	22495	0	22495	0	0	22495	22495	0	21978	21978	0	21979	21979	21979	0	21635	21635	0	21467	0	0	21469	21469	0	24468	0	22165	0	0	21472	0	24468	0	24468	24468	0	0	24468	24468	24468	24468	0	24468	0	24468	24468	24468	24468	0	24468	24468	0	24468	0	24468	24468	24468	0	24468	0	0	24468	24468	24468	24468	24468	0	24468	24468	24468	24468	24468	24468	0	24468	24468	24468	0	0	24468	24468	0	0	24468	0	24468	0	24468	0	24468	24468	24468	0	24468	0	24468	0	24468	24468	0	21688	21688	0	0	21521	21521	0	0	0	22213	0	0	22213	0	21524	0	0	0	0	24534	24534	0	24534	24534	24534	24534	24534	0	24534	24534	24534	24534	24534	24534	0	22219	0	0	0	24534	0	0	24494	0	24494	24494	24494	24494	0	24494	0	0	0	0	24494	0	0	24494	24494	0	22234	22234	22234	0	24534	24534	0	0	0	0	0	24534	0	24534	24534	0	0	0	0	24534	24534	24534	24534	0	0	24534	0	24534	24534	24534	0	24534	24534	24534	24534	24534	0	24534	24534	0	21750	21750	0	21574	0	0	0	0	24534	24534	0	24534	24534	24534	24534	0	24534	0	24534	0	24534	0	24534	24534	24534	24534	24534	0	0	21766	21766	0	0	24534	0	0	0	24534	0	24534	0	24534	0	0	0	22120	0	24534	24534	24534	24534	0	21962	21962	21962	21962	0	0	21962	21962	21962	0	22482	0	0	21790	21790	0	23548	0	23548	0	23548	23548	23548	23548	0	0	23548	23548	23548	
22495	0	0	22495	22495	0	22495	22495	22495	22495	22495	22495	22495	0	0	21978	21978	21978	0	21979	21979	21979	0	21635	0	0	0	21636	0	0	24468	24468	0	22165	22165	22165	0	24468	24468	24468	24468	0	24468	24468	24468	0	0	24468	24468	24468	0	24468	0	0	0	24468	24468	24468	0	24468	24468	0	24468	24468	24468	0	24468	24468	24468	24468	0	24468	0	24468	24468	24468	0	0	0	24468	24468	24468	24468	24468	0	24468	24468	24468	0	24468	0	24468	0	0	24468	24468	24468	24468	24468	0	0	24468	24468	0	0	24468	24468	0	21688	0	0	0	0	0	22213	22213	22213	22213	22213	22213	22213	0	22213	22213	0	22213	0	24534	24534	0	24534	24534	24534	24534	24534	24534	0	24534	0	0	24534	0	22219	0	22219	22219	0	0	24494	24494	0	0	0	0	24494	24494	24494	24494	0	24494	0	24494	24494	0	24494	0	22067	0	22234	22234	0	24534	24534	0	0	0	24534	24534	24534	0	24534	24534	24534	24534	0	24534	24534	24534	24534	24534	0	21739	0	24534	24534	24534	0	0	0	24534	24534	0	0	24534	24534	0	21750	21750	21750	21750	0	0	24534	24534	0	24534	0	0	24534	0	24534	0	0	24534	24534	24534	24534	24534	0	24534	24534	24534	24534	24534	0	0	21766	0	24534	24534	24534	24534	0	24534	24534	0	24534	24534	24534	0	22120	22120	22120	0	24534	0	24534	0	0	21962	21962	0	21962	21962	21962	21962	0	21962	0	22482	22482	0	21790	0	23548	23548	0	0	23548	23548	23548	23548	23548	23548	0	0	23548	23548	
22495	0	0	0	22495	22495	0	22495	22495	22495	0	0	22495	22495	22495	0	0	21978	0	0	21979	0	21812	0	24468	24468	24468	0	0	24468	0	0	22165	0	22165	22165	0	24468	24468	24468	24468	24468	0	24468	24468	24468	24468	0	24468	0	0	24468	24468	24468	24468	24468	24468	24468	24468	24468	24468	0	0	24468	24468	24468	0	0	24468	0	24468	0	24468	24468	0	0	24468	24468	24468	24468	24468	0	24468	24468	24468	24468	24468	24468	24468	24468	0	24468	0	0	0	24468	0	24468	0	0	21863	0	0	21864	0	24468	0	21866	0	24468	0	0	22213	22213	22213	0	22213	22213	0	0	22213	22213	22213	22213	22213	22213	0	0	24534	24534	24534	24534	24534	0	24534	0	24534	24534	0	22219	0	0	22219	22219	22219	0	22058	22058	0	0	24494	24494	24494	0	24494	24494	24494	0	0	24494	24494	24494	24494	24494	24494	0	22067	0	22234	0	21907	0	0	0	21909	21909	0	24534	0	21911	0	24534	0	0	0	24534	24534	24534	24534	0	24534	0	24534	0	0	24534	24534	0	24534	0	24534	0	24534	24534	24534	24534	0	0	0	0	0	24534	24534	24534	24534	24534	0	24534	0	24534	24534	24534	24534	0	24534	24534	24534	24534	0	24534	24534	24534	24534	0	24534	0	0	24534	0	0	0	24534	24534	24534	24534	24534	24534	24534	0	0	22120	0	22120	22120	0	24534	24534	24534	24534	0	0	22479	0	21962	0	0	22481	0	22482	0	22482	0	0	23548	0	23548	23548	0	0	23548	0	0	0	0	23548	0	0	23548	
0	0	0	0	22495	22495	22495	0	22495	0	0	0	0	22495	0	21977	0	21978	0	0	21979	0	0	24468	24468	24468	24468	24468	24468	24468	24468	0	22165	22165	22165	0	0	24468	24468	0	24468	0	24468	24468	24468	24468	0	0	0	0	21998	0	0	24468	24468	24468	24468	24468	24468	24468	0	24468	24468	24468	0	24468	0	0	24468	24468	24468	0	24468	0	24468	0	24468	24468	24468	24468	0	22019	0	24468	0	24468	0	24468	24468	24468	0	24468	0	24468	0	24468	0	24468	24468	24468	0	22032	22032	0	0	24468	0	0	0	24468	0	22213	22213	0	22213	0	22213	22213	22213	22213	22213	0	22213	0	0	22213	22213	0	24534	24534	0	24534	24534	0	24534	0	24534	0	0	22219	22219	22219	22219	22219	22219	0	0	22058	0	22059	0	24494	24494	24494	0	24494	24494	0	0	0	0	24494	24494	0	0	0	22067	0	22234	22234	0	22417	22417	22417	0	0	24534	24534	24534	0	24534	24534	24534	0	24534	24534	0	0	24534	0	24534	24534	24534	24534	24534	24534	0	24534	24534	24534	24534	24534	24534	24534	24534	24534	24534	24534	0	0	24534	24534	0	24534	0	24534	24534	24534	24534	24534	0	0	24534	0	0	24534	24534	0	0	0	0	24534	0	0	24534	0	24534	24534	0	22114	0	24534	0	0	0	0	24534	0	22118	22118	0	22119	0	22120	0	24534	24534	24534	0	22479	0	22479	0	0	22481	22481	22481	0	22482	0	22482	0	23548	23548	23548	23548	23548	23548	23548	23548	0	23548	23548	23548	23548	0	23548	23548	
0	22145	0	22495	22495	22495	22495	22495	22495	0	22495	0	0	0	24468	0	24468	0	24468	24468	0	0	24468	0	24468	24468	0	24468	24468	24468	24468	0	22165	0	22165	0	24468	24468	0	0	0	24468	24468	24468	24468	0	24468	24468	0	24468	0	22176	22176	0	24468	0	24468	24468	24468	24468	0	0	24468	0	24468	0	24468	0	24468	24468	0	24468	24468	24468	24468	24468	0	0	0	24468	24468	0	0	0	0	24468	0	24468	24468	0	0	24468	0	24468	24468	24468	0	24468	0	24468	0	0	0	24468	24468	24468	0	24468	24468	24468	0	0	22213	22213	0	0	0	0	0	22213	0	24468	0	0	0	22213	0	24468	0	0	22215	0	24534	0	0	0	24534	0	0	0	0	0	22219	22219	0	24494	24494	0	0	0	24494	24494	0	0	0	0	24494	24494	24494	24494	24494	24494	24494	0	24494	24494	0	22234	22234	0	22417	22417	0	0	0	24534	0	0	24534	0	0	0	24534	0	24534	24534	0	24534	24534	24534	24534	0	0	24534	0	0	0	0	0	24534	24534	24534	24534	0	24534	0	24534	24534	24534	24534	0	0	24534	0	24534	24534	24534	24534	24534	24534	24534	24534	24534	24534	24534	24534	24534	24534	0	24534	0	24534	0	24534	24534	24534	24534	24534	24534	0	0	24534	24534	24534	24534	24534	0	22284	0	0	24534	0	0	0	22286	0	24534	24534	0	22479	22479	22479	0	0	22481	22481	22481	0	22482	22482	22482	0	0	23548	23548	23548	0	0	23548	23548	23548	23548	0	23548	23548	0	23548	23548	
0	0	22492	0	22495	0	0	22495	22495	22495	22495	0	24468	24468	24468	24468	24468	24468	24468	24468	0	24468	24468	24468	0	0	24468	24468	24468	24468	24468	0	0	24468	0	0	24468	24468	24468	24468	24468	24468	24468	24468	24468	24468	0	24468	24468	24468	24468	0	0	0	24468	0	24468	24468	24468	0	0	22350	0	24468	24468	24468	24468	24468	24468	0	24468	24468	24468	24468	0	24468	24468	0	24468	0	24468	24468	0	0	0	0	24468	24468	24468	24468	24468	24468	24468	24468	24468	0	0	0	24468	24468	24468	0	24468	0	24468	0	24468	24468	0	24468	24468	24468	0	0	24468	24468	24468	24468	24468	0	0	24468	24468	24468	0	0	0	24468	24468	24468	0	0	24534	0	24534	24534	24534	24534	24534	24534	0	0	0	0	0	24494	24494	0	24494	0	0	24494	24494	0	22408	0	0	24494	24494	24494	0	24494	0	24494	24494	24494	24494	0	0	0	22417	0	24534	24534	24534	24534	24534	24534	24534	24534	24534	24534	24534	24534	24534	24534	24534	24534	24534	0	24534	24534	24534	24534	24534	24534	24534	24534	0	0	24534	24534	24534	0	0	0	0	24534	0	24534	24534	24534	24534	0	0	24534	24534	24534	24534	0	24534	0	24534	24534	0	0	24534	24534	24534	24534	24534	24534	24534	24534	24534	0	24534	0	24534	24534	0	0	0	0	24534	24534	0	0	24534	24534	24534	24534	24534	0	0	0	0	24534	24534	0	0	22479	0	22480	0	22481	0	0	0	0	22482	0	0	23548	23548	0	22486	22486	0	23548	0	0	0	23548	0	23548	23548	23548	
0	0	22492	0	0	0	24468	0	0	0	22495	22495	0	24468	0	24468	24468	24468	24468	24468	24468	24468	0	0	0	24468	24468	24468	24468	24468	24468	24468	0	24468	0	24468	24468	0	24468	24468	24468	24468	24468	24468	24468	24468	24468	24468	0	24468	0	0	0	0	24468	24468	24468	24468	0	24468	0	0	24468	24468	24468	24468	24468	24468	0	24468	0	24468	24468	24468	24468	24468	24468	24468	24468	0	24468	24468	0	0	0	24468	24468	24468	0	0	24468	0	24468	0	24468	24468	24468	24468	0	24468	24468	24468	24468	24468	24468	0	24468	24468	24468	24468	0	24468	24468	24468	24468	0	0	24468	24468	24468	24468	0	24468	24468	0	24468	24468	24468	0	0	0	22579	0	22758	0	0	24534	0	0	0	24494	24494	24494	24494	24494	24494	24494	0	24494	24494	24494	24494	0	0	0	24494	24494	24494	24494	0	24494	0	0	24494	24494	0	24494	24494	24494	24494	0	0	24534	24534	24534	24534	24534	24534	24534	0	24534	24534	24534	0	24534	0	24534	0	24534	0	0	0	24534	0	24534	24534	0	24534	0	24534	24534	24534	24534	24534	0	22626	0	24534	24534	24534	24534	0	24534	0	0	24534	0	24534	0	24534	24534	0	24534	0	22808	0	24534	24534	24534	0	24534	0	0	0	0	24534	24534	24534	24534	0	0	24534	24534	24534	24534	24534	24534	24534	24534	24534	0	0	24534	0	24534	0	24534	24534	24534	0	22660	0	0	0	24548	0	22664	22664	22664	0	0	23548	23548	23548	23548	0	0	0	22669	0	23890	23890	0	0	0	23548	0	23548	
0	0	0	24468	24468	24468	24468	0	22678	0	0	0	24468	0	0	0	0	24468	24468	24468	24468	0	0	0	24468	24468	24468	24468	24468	24468	0	24468	24468	24468	24468	24468	24468	0	0	0	24468	24468	0	24468	24468	0	24468	24468	0	24468	24468	24468	24468	24468	24468	0	0	24468	24468	24468	0	0	0	24468	24468	24468	24468	24468	24468	24468	24468	24468	24468	24468	0	24468	0	0	24468	24468	24468	24468	24468	24468	24468	24468	24468	0	0	24468	24468	0	24468	24468	24468	0	0	24468	24468	0	24468	0	24468	24468	0	24468	0	0	0	24468	0	24468	24468	24468	24468	24468	0	0	24468	0	0	24468	0	24468	0	24468	24468	24468	24468	24468	24468	0	0	22758	0	0	24534	24534	0	24494	24494	0	24494	24494	0	0	24494	24494	24494	24494	0	24494	24494	24494	0	0	0	24494	24494	24494	24494	24494	0	24494	24494	24494	0	24494	0	24494	24494	0	24534	24534	24534	0	0	0	24534	24534	24534	0	24534	0	0	24534	24534	0	0	0	24534	24534	24534	24534	24534	0	0	0	24534	24534	0	24534	0	0	0	0	24534	0	0	24534	0	0	0	22803	22803	0	0	0	24534	24534	24534	0	0	22808	22808	0	0	0	0	24534	24534	24534	24534	0	24534	24534	24534	24534	24534	0	23177	0	24534	24534	24534	0	24534	0	0	0	0	0	24534	24534	24534	24534	24534	24534	0	22829	0	24548	24548	24548	24548	24548	0	0	0	24548	24548	0	23548	23548	23548	23548	23548	0	0	22842	0	23890	23890	23890	23890	0	22847	0	
24468	24468	24468	24468	24468	24468	24468	0	0	0	0	24468	24468	24468	24468	24468	24468	0	24468	0	0	24468	24468	24468	24468	0	0	24468	0	0	23046	0	24468	24468	0	0	24468	24468	0	0	24468	24468	24468	24468	0	24468	24468	0	24468	24468	0	24468	24468	24468	24468	24468	0	24468	0	0	22886	0	24468	0	0	0	0	0	0	24468	24468	0	24468	24468	24468	0	24468	24468	0	24468	0	0	0	24468	24468	24468	0	0	23266	0	0	24468	24468	0	24468	0	0	0	24468	0	24468	24468	0	24468	24468	24468	0	24468	24468	24468	24468	24468	24468	24468	24468	24468	24468	24468	24468	24468	24468	24468	0	24468	0	24468	0	24468	0	0	24468	24468	24468	0	24534	24534	24534	24534	0	24494	24494	24494	24494	24494	24494	24494	24494	0	0	24494	24494	24494	24494	24494	24494	0	24494	0	24494	24494	0	24494	24494	24494	24494	0	24494	24494	24494	24494	0	0	24534	24534	24534	0	0	22962	0	24534	0	24534	24534	24534	24534	0	24534	0	22969	0	0	24534	24534	24534	24534	24534	0	0	0	0	0	24534	24534	24534	0	24534	24534	0	24534	24534	24534	24534	24534	0	0	24534	0	24534	24534	0	24534	24534	24534	0	0	0	0	0	24534	24534	24534	24534	0	24534	24534	0	24534	0	0	0	23177	23177	0	24534	24534	24534	0	23003	0	24534	0	0	0	0	24534	24534	24534	24534	0	0	24548	24548	24548	24548	24548	24548	24548	0	24548	24548	0	23018	0	23548	23548	23548	23548	23548	0	0	0	23890	23890	0	0	0	0	23207	
24468	24468	24468	24468	0	0	24468	24468	0	24468	0	24468	0	0	24468	0	24468	0	24468	24468	24468	24468	0	24468	0	24468	24468	0	23046	23046	23046	0	24468	0	24468	24468	0	0	23233	23233	0	24468	24468	24468	0	0	24468	0	24468	0	0	24468	0	24468	24468	24468	24468	24468	0	0	0	24468	24468	24468	0	24468	24468	0	24468	24468	24468	0	24468	24468	24468	24468	24468	24468	0	0	0	0	23077	0	0	24468	24468	0	23266	23266	23266	0	24468	0	24468	24468	24468	24468	24468	24468	0	0	24468	0	24468	0	0	0	24468	24468	24468	0	0	24468	24468	24468	24468	24468	24468	0	24468	24468	24468	24468	24468	24468	24468	24468	24468	24468	24468	24468	24468	24468	0	24534	0	0	24494	24494	24494	0	24494	0	24494	24494	24494	0	24494	24494	0	24494	24494	24494	0	24494	24494	24494	24494	24494	24494	24494	24494	24494	0	0	0	24494	0	24494	24494	24494	0	0	24534	24534	0	0	24534	24534	24534	0	0	24534	24534	0	24534	24534	0	23323	0	0	0	0	24534	24534	24534	24534	0	0	23155	0	24534	24534	24534	24534	24534	24534	0	0	24534	0	24534	24534	24534	24534	24534	0	0	24517	0	0	24534	0	0	0	24534	24534	24534	24534	24534	0	0	24534	0	0	24534	0	0	0	0	23177	0	0	0	24534	0	0	24534	24534	24534	24534	24534	24534	24534	24534	24534	24534	0	0	24548	24548	0	0	24548	24548	24548	24548	24548	0	24548	0	23548	23548	23548	23548	0	23548	23548	0	0	23890	0	23553	23553	0	23207	23207	
24468	24468	0	24468	24468	24468	0	24468	24468	24468	0	24468	24468	0	0	24468	24468	24468	0	0	24468	0	0	0	24468	24468	24468	24468	0	0	0	24468	24468	24468	24468	24468	24468	0	23233	23233	0	24468	24468	24468	0	24468	24468	24468	24468	0	0	0	0	24468	24468	24468	24468	24468	24468	24468	24468	0	0	24468	24468	0	24468	24468	24468	24468	24468	0	24468	24468	24468	24468	24468	0	23262	23262	0	23606	0	23606	0	0	24468	0	0	0	23266	0	0	0	24468	24468	0	0	24468	0	24468	0	24468	24468	24468	24468	24468	24468	24468	0	24468	24468	24468	24468	0	0	24468	0	0	0	0	0	0	0	24468	0	24468	24468	24468	24468	0	24468	24468	24468	0	0	23291	0	0	24494	0	0	24494	24494	24494	24494	24494	0	0	24494	0	24494	24494	24494	0	24494	24494	0	0	24494	24494	24494	24494	24494	0	0	0	0	24494	24494	0	24494	0	0	24534	24534	24534	24534	24534	24534	24534	0	24534	0	24534	0	24534	24534	0	23323	0	23495	23495	23495	0	24534	0	24534	24534	24534	0	24534	24534	0	24534	0	0	24534	24534	0	0	24534	24534	24534	0	0	0	24517	24517	24517	0	0	24534	24534	24534	24534	0	24534	24534	24534	0	0	0	0	24534	0	24534	24534	24534	24534	24534	0	24534	24534	24534	24534	24534	0	24534	24534	24534	0	24534	24534	0	0	24534	24534	24534	0	24548	0	0	24548	24548	24548	24548	24548	24548	24548	24548	0	23548	23548	0	23548	0	23548	23548	23548	0	23890	0	23553	23553	0	0	0	
0	24468	24468	0	0	24468	0	24468	0	0	0	24468	0	24468	24468	0	0	24468	0	24468	24468	24468	24468	0	24468	0	24468	24468	24468	24468	24468	24468	24468	24468	0	24468	24468	24468	0	0	0	0	0	0	24468	24468	0	0	0	24468	24468	24468	24468	24468	0	0	0	0	0	24468	0	0	0	0	24468	0	0	24468	24468	24468	0	0	24468	24468	0	24468	0	0	0	0	0	23606	23606	23606	23606	23606	0	23947	0	0	0	0	23431	0	24468	0	23612	23612	0	0	24468	24468	24468	0	24468	0	24468	0	24468	24468	0	24468	24468	24468	24468	0	0	0	24468	0	0	0	0	0	24468	24468	24468	24468	24468	24468	0	24468	0	24468	0	23455	0	24494	24494	24494	0	24494	24494	24494	0	24494	0	24494	24494	0	24494	24494	24494	24494	24494	24494	0	0	24494	24494	0	24494	0	0	24494	24494	24494	24494	24494	24494	24494	24494	0	0	24534	24534	24534	24534	0	24534	24534	24534	24534	24534	24534	24534	24534	0	0	0	23494	0	23495	0	0	24534	24534	24534	24534	0	0	24534	24534	24534	24534	0	24534	24534	24534	0	24534	24534	0	24534	24534	24534	24534	0	24517	0	0	0	24534	0	24534	24534	24534	0	24534	24534	24534	0	0	0	24534	24534	24534	24534	24534	24534	24534	0	24534	0	24534	24534	24534	0	24534	24534	24534	0	0	0	24538	0	24534	24534	24534	24534	0	23540	0	24548	24548	0	24548	24548	24548	24548	24548	0	23548	0	23884	0	23705	0	0	0	0	23890	23890	0	23553	0	0	24228	
0	24468	0	24468	0	24468	24468	0	0	24468	0	24468	24468	0	24468	0	24468	0	0	24468	24468	0	24468	0	24468	0	24468	0	24468	24468	24468	24468	24468	24468	24468	0	24468	24468	24468	24468	24468	24468	24468	24468	24468	24468	24468	24468	24468	0	24468	24468	24468	0	24468	0	24468	0	24468	0	23595	0	24468	24468	24468	0	24468	24468	24468	0	0	0	0	24468	0	24468	24468	0	24437	0	0	0	23606	0	0	0	23947	23947	0	0	23609	0	0	0	0	23612	23612	23612	0	0	24468	24468	0	24468	24468	0	0	0	24468	0	0	24468	0	24468	0	0	24468	0	24468	0	24468	0	24468	0	24468	24468	0	24468	0	24468	24468	24468	24468	24468	0	0	0	24494	24494	0	24135	0	24494	24494	24494	0	24494	24494	24494	0	0	24494	24494	0	24494	24494	24494	24494	24494	0	0	0	24494	24494	0	24494	0	0	24494	0	24494	0	0	24534	24534	0	24534	0	24534	0	24534	24534	0	24534	24534	0	0	24534	0	24005	0	24005	0	24534	24534	24534	0	24534	24534	24534	0	24534	0	0	0	24534	24534	0	24534	24534	0	0	0	0	0	24534	0	0	24517	24517	24517	0	24534	24534	0	24534	24534	0	0	24534	0	0	0	0	24534	0	0	24534	24534	0	24534	24534	24534	0	0	24534	0	24534	24534	0	0	24538	0	24538	24538	24538	0	0	0	0	0	0	0	0	24548	24548	24548	0	24548	24548	0	0	0	23884	23884	0	23705	23705	0	24385	24385	0	23890	0	0	0	0	24228	
24468	24468	0	24468	24468	24468	24468	0	24468	24468	24468	0	24468	0	24468	24468	24468	24468	24468	24468	24468	0	0	0	0	0	0	24468	24468	24468	0	0	24468	0	24468	0	24468	24468	24468	24468	24468	24468	24468	0	0	24468	0	24468	0	24468	0	0	0	24468	24468	24468	24468	24468	24468	0	0	24468	24468	24468	0	0	24468	24468	24468	0	23754	0	0	24468	24468	24468	0	24437	24437	24437	0	24099	0	0	23762	0	0	23947	23947	23947	0	0	24446	0	24446	0	0	0	0	0	0	24468	24468	24468	0	24468	24468	24468	24468	24468	24468	0	24468	24468	24468	24468	24468	24468	24468	24468	24468	0	24468	24468	24468	24468	0	24468	24468	24468	24468	0	24468	0	24468	0	0	24494	0	24135	24135	24135	0	0	24494	0	0	0	24494	24494	24494	24494	24494	0	0	0	24494	24494	24494	24494	24494	24494	24494	24494	24494	24494	24494	24494	0	24494	0	0	24534	24534	0	24534	24534	24534	24534	0	24534	0	0	0	24534	24534	24534	24534	0	24005	24005	24005	24005	0	24534	24534	24534	24534	24534	24534	24534	24534	0	24534	24534	24534	24534	24534	24534	24534	0	24011	24011	0	0	0	24517	24517	0	24517	0	24534	24534	0	24534	24534	24534	0	0	24534	24534	24534	24534	0	24534	0	23864	0	0	0	0	24534	0	24362	24362	0	0	24534	0	24538	24538	24538	0	24538	0	24538	24538	0	0	24548	24548	0	24548	0	24548	0	0	24548	24548	24548	24548	0	0	0	23884	23884	0	0	24385	24385	24385	0	23890	23890	23890	0	24228	24228	
24468	0	24468	24468	24468	0	0	0	0	24468	24468	24468	24468	24468	24468	24468	24468	0	24468	0	0	0	0	0	0	0	0	0	24468	24468	0	0	24468	24468	24468	24468	24468	0	24468	24468	24468	0	24468	0	24468	24468	24468	24468	24468	24468	24468	24468	0	24468	24468	0	0	24468	24468	24468	0	0	24468	24468	24468	24468	24468	0	24468	24468	0	0	0	0	24468	24468	0	24437	24437	0	24099	24099	24099	24099	0	23946	23946	0	23947	0	23948	0	24446	24446	24446	24446	0	0	24446	24446	24446	0	0	24468	0	24468	0	24468	0	24468	0	24468	24468	24468	24468	24468	0	0	0	24468	24468	0	24468	24468	24468	0	23970	0	24468	0	0	24468	24468	24468	24468	0	23976	0	0	24135	0	24135	0	23979	0	24478	0	24494	24494	24494	24494	24494	24494	0	24494	0	24494	0	0	0	0	24494	24494	24494	0	0	24494	24494	24494	24494	0	0	24534	24534	0	0	24534	0	24534	0	0	0	0	24534	24534	24534	24534	0	24004	0	0	24005	0	24006	0	0	0	0	0	24534	24534	24534	0	0	0	0	0	0	0	0	24011	24011	0	0	24517	0	24517	24517	24517	24517	24517	0	0	24534	0	0	24534	24534	0	24534	24534	24534	0	24358	0	0	0	0	24025	0	24532	0	0	24362	0	0	24534	24534	24534	0	24538	24538	0	24538	24538	0	0	0	0	24548	24548	0	24548	24548	24548	0	0	24548	24548	24548	24548	0	0	0	0	0	0	0	24385	24385	24385	0	0	0	0	24228	24228	0	
0	24468	24468	24468	24468	24468	0	0	24468	24468	24468	24468	0	0	24468	24468	24468	0	24468	24468	24468	24468	0	24407	24407	24407	24407	0	24468	0	24251	24251	0	24468	24468	0	24468	24468	24468	24468	0	24078	0	24417	0	24468	0	24468	24468	24468	0	0	0	24468	0	24086	24086	0	0	24468	0	24468	24468	0	24468	0	0	24432	0	0	24468	24468	24468	0	24468	24468	0	24437	0	24438	0	24099	0	0	24100	0	0	24101	0	24102	0	24446	24446	24446	0	24446	24446	24446	24446	0	0	0	24468	24468	0	24468	0	24468	0	24468	24468	24468	0	24468	24468	0	24460	24460	0	24468	24468	24468	24468	24468	0	24468	0	24127	0	24468	0	24468	24468	24468	0	24473	0	24133	0	24135	24135	0	24478	0	24478	24478	0	0	0	24494	24494	0	24494	0	24494	24494	24494	0	24494	24494	0	24494	24494	24494	24494	0	24494	24494	24494	24494	0	24534	24534	24534	0	0	24534	0	24534	0	24534	24534	24534	24534	24534	0	24534	0	0	24503	24503	0	0	0	0	0	24507	24507	24507	0	24534	0	24342	0	24344	0	24517	24517	24517	24517	0	0	24517	24517	24517	24517	24517	0	24517	0	24517	24517	0	24534	24534	24534	24534	24534	24534	24534	0	0	24358	24358	24358	24358	0	24197	0	24532	24532	0	24362	24362	0	0	24534	0	0	0	24538	0	24538	24538	24538	24538	24538	24538	24538	0	24548	0	0	24548	0	24548	24548	24548	24548	24548	24548	0	24549	24549	0	24549	24549	0	24385	24385	24385	0	0	24553	24553	0	24228	0	
24468	24468	24468	24468	24468	24468	24468	24468	24468	24468	0	0	24468	0	24468	0	0	24468	24468	0	24468	24468	0	24407	24407	24407	24407	24407	0	24409	0	24251	0	24468	24468	24468	24468	24468	0	24468	24468	0	24417	24417	0	24468	0	24468	0	0	24468	24468	0	24468	0	0	0	24266	0	24468	24468	24468	24468	24468	0	0	0	24432	0	0	0	0	24468	24468	24468	24468	0	24437	0	24438	24438	0	24440	24440	0	0	0	0	0	0	0	0	24446	24446	24446	0	0	24446	0	24451	24451	0	24468	0	24468	24468	0	0	24468	24468	24468	0	24468	24468	0	24460	24460	24460	0	24468	24468	24468	0	0	24468	24468	0	0	24468	24468	24468	24468	0	0	24473	24473	0	0	0	0	0	0	24478	24478	24478	24478	24478	0	24480	0	0	24494	24494	24494	0	24494	24494	0	0	24494	24494	24494	0	0	0	0	24494	0	24494	0	24494	0	0	24534	24534	0	0	0	24534	24534	0	24534	24534	0	0	24333	0	24501	24501	0	24503	24503	24503	24503	0	24507	24507	0	0	0	0	0	24342	0	24344	24344	0	0	24517	24517	0	0	24517	0	0	0	24517	24517	0	24520	0	24517	0	24534	24534	0	24534	0	0	24534	24534	24534	0	0	24358	0	24359	0	24360	0	24532	0	24362	0	24534	24534	24534	24534	0	24538	24538	24538	24538	0	0	0	0	0	0	0	24548	24548	24548	24548	24548	24548	24548	0	24548	24548	24548	0	24549	24549	24549	24549	0	0	0	24385	0	24386	0	0	24553	24553	0	0	
24468	24468	24468	24468	24468	24468	0	24468	0	0	24396	0	24468	24468	24468	24468	24468	24468	0	24468	24468	0	0	24407	24407	0	24407	0	0	24409	24409	0	24468	24468	0	24468	0	24468	24468	24468	0	24416	0	24417	0	24468	0	24468	24468	24468	24468	0	0	24468	24468	0	24425	0	0	24468	24468	24468	24468	0	0	24430	0	24432	24432	0	0	0	24468	0	24468	24468	0	24437	24437	0	24438	0	24440	24440	0	24441	0	0	24442	0	24446	24446	24446	24446	0	24448	24448	0	24451	24451	24451	0	0	0	0	24468	24468	24468	24468	24468	0	0	24468	0	24458	0	24460	24460	0	24468	0	0	24463	24463	0	24468	24468	24468	24468	24468	0	0	24469	0	24473	24473	24473	24473	0	0	0	24478	24478	24478	24478	24478	0	0	24480	24480	0	0	0	0	24481	0	24494	0	0	24494	24494	24494	24494	24494	0	24494	24494	24494	24494	24494	24494	24494	0	0	24534	24534	0	0	0	0	24534	24534	24534	0	0	0	24501	24501	0	24502	0	0	0	24503	0	24507	24507	24507	24507	0	24508	0	0	24509	0	0	24510	0	0	24517	24517	24517	24517	0	24517	24517	24517	0	24520	24520	24520	0	24534	24534	24534	24534	0	24534	24534	24534	24534	0	0	24529	0	24530	0	0	0	24532	24532	0	0	0	24534	24534	0	0	0	24538	0	24538	24538	24538	0	0	24539	0	24541	24541	0	24548	24548	24548	0	24548	24548	0	24548	24548	0	0	0	0	0	24549	0	0	0	0	0	0	0	24553	24553	24553	24553	0	
